6
3
10
15
21
28
36
45
55
66
78
91
105
120
136
153
171
190
210
231
253
276
300
325
351
378
406
435
465
496
528
561
595
630
666
703
741
780
820
861
903
946
990
1035
1081
1128
1176
1225
1275
1326
1378
1431
1485
1540
1596
1653
1711
1770
1830
1891
1953
2016
2080
2145
2211
2278
2346
2415
2485
2556
2628
2701
2775
2926
2850
3003
3081
3240
3160
3321
3486
3403
3570
3655
3741
3828
3916
4095
4186
4005
4278
4371
4560
4465
4656
4950
4851
4753
5050
5151
5253
5356
5671
5460
5565
5778
6105
5995
5886
6216
6555
6670
6328
6441
7140
6903
7021
6786
7503
7626
7381
7260
7750
8128
7875
8001
8646
8515
8256
8385
9045
8778
8911
9180
9316
9730
9591
9453
10296
9870
10153
10011
10440
10585
10731
10878
11026
11175
11325
11476
11781
11628
11935
12246
12090
12403
12561
13041
12720
13203
12880
13695
13366
13530
13861
14028
14196
14365
14535
14878
14706
15051
15225
15576
15400
15753
15931
16110
16290
16471
16653
17020
16836
17205
17391
17766
17578
18145
18336
17955
18528
18721
18915
19110
19306
19503
19701
19900
20503
20301
20100
20706
21115
20910
21528
21321
21945
22366
21736
22155
23220
22578
22791
23005
23871
23653
24090
23436
24310
24976
24753
24531
25651
25425
25200
25878
26106
26335
26565
26796
27028
27261
27495
27730
28203
27966
28441
28680