93131
194376
193753
195000
195625
196251
196878
197506
198135
198765
199396
200028
200661
201930
201295
203203
202566
203841
205120
204480
205761
206403
207046
207690
208335
208981
210925
211575
210276
209628
214185
212878
213531
212226
216811
216153
215496
214840
218130
218791
217470
219453
220780
220116
221445
222111
224785
223446
224115
222778
225456
226128
226801
227475
228150
228826
229503
230181
231540
232221
230860
232903
234955
233586
234270
235641
237016
237705
236328
239086
238395
240471
239778
241165
241860
242556
243253
244650
243951
245350
246051
246753
247456
248160
248865
249571
250986
250278
251695
253116
252405
253828
254541
255255
256686
255970
257403
259560
258121
258840
260281
261003
262450
261726
263175
264628
265356
263901
268278
267546
266815
266085
271216
269745
270480
269011
271953
272691
273430
274170
274911
276396
277140
275653
277885
278631
280126
279378
281625
280875
283128
282376
283881
284635
286146
285390
286903
288420
289180
287661
292230
289941
291466
290703
295296
294528
292995
293761
296065
297606
296835
298378
299925
299151
300700
301476
303031
302253
303810
304590
306936
306153
305371
307720
310078
308505
309291
310866
313236
312445
311655
314028
314821
317206
315615
316410
