318801
318003
319600
320400
321201
322806
322003
323610
325221
324415
326028
326836
327645
328455
329266
330078
331705
330891
332520
333336
334971
334153
335790
336610
338253
337431
339076
339900
340725
341551
342378
343206
344035
344865
345696
346528
347361
348195
349030
349866
350703
351541
352380
354061
353220
354903
355746
357435
356590
358281
359128
359976
360825
361675
362526
364231
363378
365085
365940
366796
367653
368511
369370
370230
371091
371953
372816
373680
374545
375411
376278
377146
378015
378885
379756
380628
381501
382375
383250
385003
384126
385881
386760
387640
388521
389403
390286
391170
392055
392941
393828
394716
395605
396495
397386
399171
398278
400065
400960
402753
401856
403651
405450
404550
406351
407253
409060
408156
409965
410871
413595
412686
411778
414505
416328
415416
417241
418155
419070
420903
419986
421821
423660
424581
422740
425503
426426
427350
428275
429201
431056
430128
431985
432915
435711
434778
433846
436645
439453
437580
438516
440391
443211
441330
442270
444153
445096
446040
446985
447931
449826
448878
450775
451725
452676
453628
454581
455535
457446
456490
458403
460320
459361
461280
462241
463203
464166
465130
466095
468028
467061
468996
469965
471906
470935
472878