474825
473851
475800
476776
478731
479710
477753
480690
483636
481671
482653
484620
487578
486591
485605
488566
491536
490545
489555
492528
494515
493521
495510
496506
498501
497503
499500
500500
501501
502503
503506
504510
506521
505515
507528
508536
511566
509545
510555
512578
514605
513591
515620
516636
518671
517653
520710
519690
522753
521731
524800
523776
525825
526851
527878
528906
529935
530965
533028
531996
534061
535095
536130
537166
538203
539241
540280
541320
542361
543403
545490
544446
546535
547581
549676
548628
550725
551775
553878
552826
554931
555985
558096
557040
559153
560211
562330
561270
563391
564453
566580
565516
567645
568711
569778
570846
571915
572985
575128
574056
576201
577275
578350
579426
580503
581581
583740
582660
584821
585903
586986
588070
589155
590241
592416
591328
593505
594595
595686
596778
597871
598965
600060
601156
602253
603351
605550
604450
606651
607753
609960
608856
611065
612171
614386
613278
615495
616605
617716
618828
619941
621055
622170
623286
624403
625521
626640
627760
628881
630003
631126
632250
633375
634501
635628
636756
637885
639015
641278
640146
642411
643545
644680
645816
646953
648091
649230
650370
651511
652653
654940
653796
656085
657231
658378
65952
