546
1352190
1355481
1353835
1357128
1358776
1360425
1362075
1363726
1365378
1368685
1367031
1370340
1375311
1371996
1373653
1376970
1378630
1381953
1380291
1388611
1386945
1385280
1383616
1393615
1390278
1395285
1391946
1396956
1400301
1398628
1401975
1405326
1403650
1408681
1407003
1413721
1415403
1412040
1410360
1418770
1420455
1417086
1422141
1427205
1423828
1425516
1428895
1433971
1430586
1432278
1435665
1439056
1437360
1440753
1442451
1444150
1445850
1447551
1449253
1450956
1454365
1452660
1456071
1459486
1461195
1457778
1466328
1462905
1464616
1468041
1474903
1471470
1469755
1473186
1480060
1476621
1478340
1481781
1483503
1488675
1485226
1486950
1492128
1490401
1493856
1495585
1502511
1499046
1497315
1500778
1509453
1505980
1507716
1504245
1511191
1514670
1512930
1516411
1521640
1518153
1519896
1523385
1525131
1526878
1528626
1530375
1533876
1532125
1535628
1537381
1540890
1539135
1542646
1544403
1546161
1547920
1549680
1551441
1554966
1553203
1556730
1558495
1562028
1560261
1563796
1565565
1567335
1569106
1570878
1572651
1576200
1574425
1577976
1579753
1581531
1583310
1585090
1586871
1588653
1590436
1592220
1594005
1595791
1597578
1599366
1601155
1602945
1604736
1606528
1608321
1610115
1611910
1613706
161