5503
1617301
1619100
1620900
1624503
1622701
1626306
1628110
1631721
1629915
1633528
1635336
1638955
1637145
1640766
1642578
1646205
1644391
1648020
1649836
1651653
1653471
1655290
1657110
1660753
1662576
1658931
1664400
1668051
1666225
1669878
1671706
1677196
1675365
1673535
1679028
1680861
1682695
1684530
1686366
1688203
1691880
1690041
1693720
1695561
1697403
1699246
1701090
1702935
1704781
1706628
1708476
1710325
1714026
1712175
1715878
1717731
1721440
1719585
1723296
1725153
1728870
1727011
1730730
1732591
1734453
1736316
1738180
1740045
1741911
1743778
1745646
1747515
1751256
1749385
1753128
1755001
1758750
1756875
1760626
1762503
1764381
1766260
1768140
1770021
1771903
1773786
1775670
1777555
1779441
1781328
1783216
1785105
1788886
1786995
1790778
1792671
1796460
1794565
1798356
1800253
1802151
1804050
1805950
1807851
1811656
1809753
1813560
1815465
1819278
1817371
1821186
1823095
1825005
1826916
1828828
1830741
1834570
1832655
1836486
1838403
1840321
1842240
1844160
1848003
1849926
1846081
1851850
1857628
1855701
1853775
1859556
1863415
1865346
1861485
1871145
1873080
1867278
1869211
1876953
1880830
1878891
1875016
1888596
1882770
1884711
1886653
1896378
1892485
1890540
1894431
1898326
1900275
1902225
19