214460
2218671
2220778
2224995
2222886
2227105
2233441
2229216
2231328
2235555
2239786
2241903
2237670
2244021
2250381
2246140
2248260
2252503
2254626
2256750
2258875
2261001
2265256
2263128
2267385
2273778
2269515
2271646
2275911
2278045
2284453
2282316
2280180
2293011
2286591
2290870
2288730
2295153
2299440
2301585
2297296
2308026
2310175
2303731
2305878
2316628
2312325
2318781
2314476
2320935
2327403
2325246
2323090
2336041
2329561
2331720
2333880
2342530
2338203
2340366
2344695
2346861
2349028
2353365
2351196
2355535
2362051
2357706
2359878
2370753
2368576
2364225
2366400
2372931
2377290
2375110
2379471
2383836
2381653
2386020
2388205
2392578
2390391
2394766
2399145
2396955
2403528
2401336
2405721
2407915
2410110
2412306
2414503
2416701
2418900
2421100
2423301
2425503
2427706
2429910
2434321
2432115
2438736
2436528
2440945
2443155
2445366
2447578
2449791
2452005
2454220
2456436
2460871
2458653
2465310
2463090
2467531
2469753
2471976
2474200
2476425
2478651
2480878
2485335
2487565
2483106
2489796
2494261
2492028
2496495
2498730
2500966
2505441
2503203
2507680
2514403
2512161
2509920
2516646
2518890
2523381
2521135
2525628
2527876
2532375
2530125
2534626
2541385
2536878
2539131
2545896
2543640
2550411
2548153
