2912491
2919736
2914905
2917320
2922153
2929410
2926990
2924571
2931831
2939100
2941525
2934253
2936676
2946378
2948806
2951235
2943951
2953665
2956096
2958528
2960961
2963395
2968266
2965830
2970703
2978020
2973141
2975580
2980461
2982903
2987790
2985346
2990235
2992681
2997576
2995128
3000025
3007378
3004926
3002475
3012285
3009831
3014740
3017196
3022111
3024570
3019653
3027030
3034416
3029491
3031953
3036880
3044278
3039345
3041811
3046746
3049215
3051685
3054156
3059101
3056628
3061575
3064050
3071481
3066526
3069003
3073960
3078921
3076440
3083886
3081403
3086370
3088855
3093828
3091341
3103786
3098805
3101295
3096316
3113760
3108771
3111265
3106278
3118753
3116256
3121251
3123750
3126250
3128751
3131253
3133756
3138765
3136260
3141271
3143778
3146286
3148795
3151305
3153816
3158841
3156328
3161355
3163870
3168903
3166386
3171421
3173940
3178981
3176460
3181503
3184026
3186550
3191601
3189075
3194128
3196656
3199185
3201715
3204246
3206778
3209311
3211845
3214380
3216916
3219453
3221991
3224530
3227070
3229611
3232153
3234696
3237240
3239785
3242331
3244878
3247426
3249975
3252525
3255076
3257628
3260181
3262735
3265290
3267846
3270403
3272961
3275520
3278080
3280641
3285766
3283203
3288330
3290895
329346
