3296028
3298596
3301165
3306306
3303735
3308878
3311451
3316600
3314025
3319176
3321753
3324331
3326910
3329490
3332071
3337236
3334653
3339820
3347578
3342405
3344991
3350166
3352755
3355345
3357936
3365715
3360528
3363121
3368310
3373503
3376101
3370906
3378700
3383901
3386503
3381300
3389106
3396921
3391710
3394315
3399528
3402136
3407355
3404745
3409966
3412578
3417805
3415191
3420420
3423036
3428271
3425653
3430890
3438753
3436131
3433510
3444000
3441376
3449251
3446625
3459765
3457135
3451878
3454506
3467661
3462396
3465028
3470295
3478203
3480841
3475566
3472930
3486120
3491403
3483480
3488761
3494046
3499335
3501981
3496690
3512575
3507276
3509925
3504628
3515226
3520531
3517878
3523185
3528496
3525840
3531153
3533811
3536470
3539130
3541791
3547116
3544453
3555111
3552445
3549780
3557778
3565785
3560446
3563115
3573801
3571128
3576475
3568456
3579150
3581826
3584503
3589860
3587181
3592540
3595221
3597903
3600586
3603270
3605955
3608641
3611328
3614016
3616705
3622086
3619395
3624778
3627471
3635556
3630165
3632860
3638253
3640951
3646350
3643650
3657160
3651753
3654456
3649051
3667986
3659865
3662571
3665278
3670695
3673405
3678828
3676116
3686970
3681541
3689686
3684255
3695121
3700560
3692403
36978
