40
3711450
3703281
3706003
3708726
3722356
3714175
3719628
3716901
3733278
3725085
3727815
3730546
3744216
3738745
3736011
3741480
3746953
3752430
3749691
3755170
3763396
3766140
3757911
3760653
3774378
3771631
3768885
3777126
3785376
3779875
3782625
3788128
3799146
3793635
3790881
3796390
3807420
3801903
3810180
3804661
3812941
3821230
3815703
3818466
3829528
3823995
3832296
3826761
3835065
3837835
3843378
3840606
3846151
3848925
3854476
3851700
3857253
3862810
3860031
3865590
3876720
3871153
3868371
3873936
3879505
3885078
3882291
3887866
3896236
3893445
3890655
3899028
3901821
3907410
3904615
3910206
3918600
3915801
3913003
3921400
3929806
3924201
3927003
3932610
3941028
3938221
3935415
3943836
3952266
3949455
3946645
3957891
3963520
3955078
3960705
3966336
3971971
3969153
3974790
3977610
3983253
3980431
3986076
3988900
3991725
3994551
3997378
4000206
4003035
4005865
4008696
4011528
4014361
4017195
4020030
4022866
4025703
4028541
4034220
4031380
4039903
4037061
4042746
4045590
4048435
4051281
4054128
4059825
4056976
4062675
4068378
4065526
4071231
4074085
4082653
4076940
4079796
4085511
4094091
4088370
4091230
4096953
4099816
4105545
4102680
4117015
4114146
4111278
4108411
4119885
4128501
4122756
4125628
4131