375
4137126
4134250
4140003
4145760
4142881
4148640
4151521
4154403
4157286
4160170
4163055
4165941
4171716
4168828
4183278
4177495
4174605
4180386
4191960
4189065
4186171
4194856
4203550
4206450
4197753
4200651
4209351
4212253
4215156
4218060
4226778
4223871
4220965
4229686
4232595
4235505
4238416
4241328
4250070
4244241
4247155
4252986
4258821
4261740
4255903
4264660
4270503
4273426
4267581
4276350
4285128
4282201
4288056
4279275
4296846
4299778
4290985
4293915
4305645
4308580
4302711
4311516
4314453
4317391
4320330
4323270
4326211
4332096
4329153
4335040
4337985
4340931
4343878
4346826
4349775
4352725
4355676
4358628
4361581
4367490
4370446
4364535
4373403
4379320
4376361
4382280
4385241
4391166
4394130
4388203
4400061
4403028
4397095
4405996
4408965
4411935
4417878
4414906
4429776
4420851
4423825
4426800
4435731
4432753
4438710
4441690
4447653
4444671
4450636
4453620
4459591
4462578
4456605
4465566
4468555
4474536
4471545
4477528
4486510
4483515
4489506
4480521
4498500
4495501
4492503
4501500
4507503
4510506
4504501
4513510
4516515
4519521
4522528
4528545
4525536
4531555
4540591
4537578
4534566
4549636
4552653
4546620
4543605
4555671
4558690
4561710
4564731
4567753
4573800
4576825
4570776
4582878
4585906
457