67336
5064153
5070520
5076891
5073705
5080078
5083266
5086455
5089645
5092836
5096028
5102415
5105610
5099221
5108806
5118400
5112003
5115201
5121600
5128003
5124801
5131206
5134410
5140821
5137615
5144028
5153655
5150445
5147236
5156866
5166505
5169720
5160078
5163291
5179371
5172936
5176153
5182590
5192253
5189031
5195476
5185810
5198700
5208378
5201925
5205151
5211606
5221296
5214835
5218065
5224528
5230995
5227761
5234230
5243941
5237466
5240703
5247180
5253661
5256903
5250420
5260146
5269881
5266635
5263390
5273128
5279625
5282875
5276376
5286126
5292631
5289378
5295885
5299140
5308911
5302396
5305653
5312170
5318691
5321953
5315430
5325216
5331745
5335011
5328480
5338278
5344815
5348085
5341546
5351356
5357901
5354628
5361175
5364450
5374281
5367726
5371003
5377560
5380840
5384121
5387403
5390686
5393970
5400541
5397255
5403828
5413695
5407116
5410405
5416986
5426865
5423571
5420278
5430160
5433456
5436753
5440051
5443350
5449951
5446650
5453253
5456556
5459860
5463165
5466471
5469778
5473086
5476395
5483016
5479705
5486328
5489641
5496270
5492955
5499586
5502903
5506221
5509540
5512860
5516181
5519503
5522826
5526150
5529475
5532801
5536128
5539456
5542785
5546115
5549446
5552778
5556111
5559445
5562780
5