566116
5569453
5572791
5576130
5579470
5582811
5586153
5589496
5596185
5592840
5599531
5602878
5609575
5606226
5612925
5616276
5619628
5622981
5629690
5626335
5633046
5636403
5639761
5643120
5646480
5649841
5653203
5663295
5659930
5666661
5656566
5670028
5673396
5680135
5676765
5683506
5686878
5690251
5693625
5697000
5700376
5703753
5710510
5707131
5717271
5720653
5713890
5724036
5727420
5734191
5730805
5737578
5740966
5747745
5744355
5754528
5751136
5757921
5761315
5764710
5768106
5771503
5774901
5781700
5778300
5785101
5788503
5802121
5791906
5798715
5795310
5808936
5805528
5812345
5815755
5822578
5819166
5825991
5829405
5836236
5839653
5832820
5843071
5849910
5853331
5846490
5856753
5860176
5867025
5863600
5870451
5880735
5877306
5873878
5884165
5894461
5891028
5887596
5897895
5904766
5908203
5901330
5911641
5918520
5921961
5915080
5925403
5928846
5935735
5932290
5939181
5946076
5949525
5942628
5952975
5956426
5963331
5959878
5966785
5970240
5973696
5977153
5980611
5987530
5990991
5984070
5994453
5997916
6001380
6004845
6008311
6018715
6015246
6011778
6022185
6029128
6025656
6036075
6032601
6043026
6049981
6039550
6046503
6053460
6063903
6060421
6056940
6074355
6077841
6070870
6067386
6091795
6081328
6088305
