7218100
7210503
7221900
7233306
7237110
7225701
7229503
7240915
7252336
7248528
7244721
7267578
7259955
7256145
7263766
7279020
7282836
7275205
7271391
7290471
7294290
7286653
7298110
7305753
7313400
7309576
7301931
7324878
7317225
7321051
7328706
7332535
7340196
7336365
7344028
7351695
7347861
7359366
7355530
7363203
7367041
7374720
7370880
7386246
7382403
7378561
7390090
7401628
7405476
7393935
7397781
7413175
7417026
7420878
7409325
7424731
7428585
7436296
7432440
7440153
7444011
7447870
7451730
7463316
7455591
7459453
7467180
7478778
7474911
7471045
7482646
7486515
7490385
7494256
7498128
7505875
7502001
7513626
7509750
7521381
7517503
7525260
7529140
7536903
7533021
7544670
7540786
7552441
7548555
7556328
7560216
7567995
7564105
7571886
7575778
7579671
7583565
7587460
7591356
7599151
7595253
7606950
7603050
7610851
7614753
7618656
7622560
7626465
7634278
7630371
7638186
7646005
7649916
7642095
7653828
7661655
7665570
7657741
7669486
7673403
7685160
7681240
7677321
7689081
7693003
7700850
7696926
7704775
7708701
7712628
7716556
7720485
7724415
7728346
7732278
7740145
7736211
7744080
7748016
7751953
7759830
7763770
7755891
7767711
7775596
7771653
7783485
7787431
7791378
7779540
7795326
7799275
7803225
78150
