565
8431671
8435778
8439886
8443995
8460441
8452216
8456328
8448105
8464555
8472786
8468670
8476903
8481021
8485140
8489260
8493381
8505750
8501626
8497503
8509875
8514001
8518128
8522256
8526385
8530515
8538778
8534646
8542911
8555316
8547045
8551180
8559453
8563591
8571870
8567730
8576011
8580153
8584296
8588440
8592585
8600878
8596731
8605026
8609175
8621628
8617476
8613325
8625781
8638246
8629935
8634090
8642403
8650720
8654880
8646561
8659041
8663203
8667366
8671530
8675695
8684028
8679861
8688196
8692365
8704878
8696535
8700706
8713225
8709051
8717400
8721576
8725753
8734110
8729931
8738290
8750836
8742471
8746653
8755020
8759205
8763391
8767578
8771766
8780145
8784336
8775955
8788528
8792721
8796915
8801110
8805306
8813701
8817900
8809503
8822100
8834706
8826301
8830503
8838910
8847321
8843115
8851528
8859945
8864155
8855736
8868366
8872578
8876791
8881005
8885220
8889436
8897871
8893653
8902090
8910531
8914753
8906310
8918976
8927425
8923200
8931651
8935878
8944335
8940106
8948565
8952796
8965495
8961261
8957028
8969730
8978203
8982441
8973966
8986680
8999403
8990920
8995161
9003646
9016381
9012135
9007890
9020628
9033375
9029125
9024876
9037626
9041878
9046131
9050385
9054640
9063153
9067411
9058896
907