1670
9075930
9084453
9080191
9088716
9092980
9097245
9101511
9118585
9105778
9110046
9114315
9131401
9127128
9122856
9135675
9148503
9152781
9139950
9144226
9169903
9157060
9165621
9161340
9182755
9174186
9187041
9178470
9199905
9195616
9204195
9191328
9217071
9208486
9212778
9221365
9234253
9225660
9229956
9238551
9247150
9251451
9242850
9255753
9268665
9272971
9264360
9260056
9281586
9277278
9290205
9285895
9294516
9303141
9298828
9307455
9316086
9320403
9311770
9324721
9337681
9333360
9329040
9342003
9346326
9350650
9354975
9359301
9372285
9367956
9363628
9376615
9380946
9385278
9389611
9393945
9406953
9398280
9402616
9411291
9424311
9415630
9419970
9428653
9441685
9437340
9432996
9446031
9454726
9459075
9450378
9463425
9476481
9472128
9467776
9480835
9489546
9485190
9493903
9498261
9502620
9511341
9506980
9515703
9528795
9520066
9524430
9533161
9537528
9541896
9546265
9550635
9559378
9555006
9563751
9568125
9572500
9581253
9576876
9585631
9590010
9594390
9598771
9603153
9611920
9607536
9616305
9620691
9629466
9633855
9625078
9638245
9651421
9647028
9642636
9655815
9673401
9669003
9664606
9660210
9677800
9691003
9682200
9686601
9704215
9708621
9695406
9699810
9717436
9721845
9726255
9713028
9730666
9735078
97