39491
9743905
9748320
9757153
9752736
9761571
9770410
9774831
9779253
9765990
9796951
9792525
9788100
9783676
9814665
9801378
9805806
9810235
9819096
9827961
9823528
9832395
9836830
9850141
9841266
9845703
9867903
9859020
9854580
9863461
9872346
9881235
9876790
9885681
9894576
9890128
9899025
9903475
9907926
9912378
9916831
9921285
9930196
9934653
9925740
9939111
9943570
9952491
9948030
9956953
9965880
9961416
9970345
9974811
9992685
9983746
9988215
9979278
10006101
10010575
9997156
10001628
10015050
10028481
10019526
10024003
10046403
10032960
10037440
10041921
10055370
10050886
10059855
10064341
10068828
10073316
10077805
10082295
10091278
10086786
10095771
10100265
10104760
10109256
10113753
10118251
10127250
10122750
10131751
10136253
10145260
10140756
10149765
10154271
10158778
10167795
10163286
10172305
10185841
10181328
10176816
10190355
10199386
10203903
10194870
10208421
10221981
10217460
10212940
10226503
10240075
10231026
10235550
10244601
10258185
10249128
10253656
10267246
10271778
10262715
10276311
10289916
10280845
10294453
10285380
10303530
10312611
10308070
10298991
10330785
10321696
10326240
10317153
10344426
10335331
10339878
10348975
10358076
10353525
10367181
10362628
10376290
10385403
10371