735
10380846
10394520
10403641
10389961
10399080
10417330
10412766
10408203
10421895
10431028
10435596
10426461
10440165
10444735
10449306
10453878
10458451
10463025
10467600
10472176
10476753
10490490
10481331
10485910
10495071
10508820
10499653
10504236
10513405
10517991
10522578
10527166
10531755
10536345
10540936
10545528
10550121
10559310
10563906
10554715
10568503
10573101
10577700
10582300
10586901
10596106
10591503
10600710
10605315
10609921
10614528
10619136
10623745
10628355
10632966
10637578
10642191
10646805
10651420
10656036
10660653
10669890
10665271
10674510
10688376
10679131
10683753
10693000
10702251
10697625
10716135
10706878
10711506
10720765
10739295
10734661
10730028
10725396
10748566
10743930
10753203
10757841
10762480
10767120
10776403
10771761
10794981
10785690
10781046
10790335
10804276
10799628
10808925
10813575
10822878
10818226
10827531
10832185
10841496
10846153
10836840
10850811
10864791
10855470
10860130
10869453
10874116
10883445
10878780
10888111
10892778
10897446
10902115
10906785
10911456
10916128
10920801
10925475
10934826
10930150
10939503
10944181
10953540
10958221
10948860
10962903
10972270
10976955
10967586
10981641
10995705
10991016
10986328
11000395
11009778
11014471
110