1666865
11671696
11676528
11681361
11686195
11691030
11695866
11710380
11705541
11700703
11715220
11720061
11724903
11729746
11734590
11744281
11739435
11749128
11758825
11753976
11763675
11768526
11787940
11778231
11783085
11773378
11802511
11807370
11792796
11797653
11826816
11817091
11821953
11812230
11836545
11831680
11841411
11846278
11851146
11860885
11856015
11865756
11870628
11875501
11880375
11885250
11895003
11890126
11899881
11904760
11909640
11914521
11919403
11924286
11934055
11929170
11938941
11943828
11958495
11948716
11953605
11963386
11973171
11978065
11968278
11982960
11997651
11987856
11992753
12002550
12017253
12012351
12007450
12027060
12036871
12022156
12031965
12056505
12051595
12041778
12046686
12066328
12071241
12076155
12061416
12081070
12095821
12090903
12085986
12100740
12110581
12115503
12105660
12135201
12120426
12125350
12130275
12145056
12140128
12149985
12154915
12159846
12164778
12169711
12174645
12179580
12189453
12184516
12194391
12199330
12209211
12204270
12214153
12224040
12219096
12228985
12238878
12243826
12248775
12233931
12253725
12258676
12263628
12268581
12273535
12278490
12283446
12288403
12298320
12293361
12303280
12308241
12318166
12313203
12323130
12328095
12333061