60
13017753
13033065
13043278
13048386
13053495
13038171
13068828
13058605
13073941
13063716
13079055
13084170
13094403
13089286
13099521
13109760
13104640
13114881
13120003
13125126
13130250
13135375
13145628
13140501
13155885
13150756
13161015
13166146
13176411
13171278
13181545
13186680
13191816
13196953
13202091
13207230
13212370
13217511
13222653
13227796
13232940
13243231
13238085
13248378
13253526
13263825
13258675
13268976
13274128
13279281
13284435
13289590
13310220
13299903
13305061
13294746
13315380
13325703
13330866
13320541
13336030
13341195
13351528
13346361
13372206
13367035
13356696
13361865
13392900
13387725
13377378
13382551
13403253
13413610
13398076
13408431
13434336
13423971
13418790
13429153
13449891
13444705
13455078
13439520
13465455
13470645
13475836
13460266
13481028
13496610
13491415
13486221
13517400
13501806
13512201
13507003
13538206
13533003
13527801
13522600
13548615
13543410
13553821
13559028
13564236
13569445
13574655
13579866
13590291
13585078
13595505
13600720
13605936
13611153
13616371
13621590
13626810
13637253
13632031
13647700
13652925
13642476
13658151
13663378
13673835
13668606
13679065
13689528
13694761
13699995
13684296
13715703
13710466
13720941
13705230
13726180
1373