15204855
15210370
15215886
15221403
15237960
15226921
15232440
15249003
15254526
15243481
15260050
15265575
15271101
15276628
15282156
15298746
15287685
15293215
15304278
15320880
15309811
15315345
15326416
15337491
15343030
15348570
15331953
15365196
15354111
15359653
15370740
15381831
15376285
15387378
15392926
15409576
15398475
15404025
15415128
15420681
15431790
15426235
15437346
15454020
15442903
15448461
15459580
15470703
15481830
15476266
15465141
15498528
15487395
15504096
15492961
15520806
15515235
15509665
15526378
15537525
15543100
15548676
15531951
15565410
15559831
15554253
15570990
15576571
15587736
15582153
15593320
15615666
15610078
15604491
15598905
15626845
15632436
15621255
15638028
15654810
15643621
15660406
15649215
15682800
15666003
15677200
15671601
15699606
15705210
15694003
15688401
15710815
15727636
15716421
15722028
15738855
15733245
15744466
15750078
15772536
15755691
15761305
15766920
15778153
15789390
15783771
15795010
15800631
15806253
15811876
15817500
15834378
15828751
15823125
15840006
15845635
15856896
15851265
15862528
15868161
15879430
15873795
15885066
15890703
15901980
15896341
15907620
15913261
15918903
15924546
15930190
15935835
15941481
15947128
15952776
15958425
1596407