19210701
19216900
19223100
19229301
19235503
19241706
19247910
19254115
19260321
19266528
19272736
19278945
19285155
19291366
19297578
19303791
19310005
19316220
19322436
19328653
19334871
19341090
19347310
19353531
19359753
19365976
19372200
19378425
19384651
19390878
19397106
19403335
19415796
19409565
19422028
19428261
19440730
19434495
19446966
19453203
19459441
19465680
19471920
19478161
19490646
19484403
19496890
19515628
19503135
19509381
19528125
19521876
19540626
19534375
19546878
19553131
19559385
19565640
19571896
19578153
19584411
19590670
19596930
19603191
19609453
19615716
19621980
19628245
19640778
19634511
19647046
19653315
19665856
19659585
19672128
19678401
19690950
19684675
19697226
19703503
19716060
19709781
19722340
19728621
19734903
19741186
19747470
19753755
19766328
19760041
19772616
19778905
19785195
19791486
19797778
19804071
19810365
19822956
19816660
19829253
19835551
19841850
19848150
19854451
19860753
19867056
19873360
19879665
19885971
19898586
19892278
19904895
19911205
19923828
19917516
19930141
19936455
19949086
19942770
19955403
19961721
19968040
19974360
19980681
19987003
19999650
19993326
20005975
20012301
20024956
20018628
20031285
20037615
20050278
20043946
20056611
200629
