842745
21836136
21829528
21855966
21869191
21862578
21875805
21895653
21889036
21902271
21882420
21915510
21908890
21922131
21928753
21948625
21935376
21942000
21955251
21975135
21968506
21961878
21981765
22001661
21995028
21988396
22008295
22021566
22014930
22028203
22048120
22041480
22034841
22054761
22061403
22068046
22074690
22087981
22081335
22094628
22101276
22114575
22107925
22121226
22127878
22141185
22134531
22147840
22154496
22161153
22174470
22167811
22181130
22201116
22187791
22194453
22207780
22214445
22221111
22227778
22234446
22254456
22241115
22247785
22261128
22267801
22281150
22274475
22287826
22301181
22307860
22294503
22314540
22334586
22321221
22327903
22341270
22354641
22361328
22347955
22368016
22388086
22374705
22381395
22394778
22408165
22421556
22414860
22401471
22441650
22448350
22434951
22428253
22468456
22455051
22475160
22461753
22488571
22481865
22501986
22495278
22508695
22515405
22522116
22528828
22535541
22542255
22548970
22555686
22562403
22575840
22569121
22582560
22602726
22596003
22589281
22609450
22616175
22629628
22622901
22636356
22649815
22643085
22656546
22663278
22676745
22683480
22670011
22690216
22710430
22696953
22703691
22717170
22723911
22730653
22737396
22744140
