22757631
22750885
22764378
22771126
22777875
22784625
22791376
22798128
22804881
22811635
22825146
22818390
22831903
22838661
22852180
22845420
22858941
22865703
22885995
22879230
22872466
22892761
22913065
22906296
22899528
22919835
22940151
22926606
22933378
22946925
22967253
22953700
22960476
22974031
22987590
22980810
22994371
23007936
23001153
23014720
23021505
23028291
23041866
23035078
23048655
23062236
23069028
23055445
23075821
23096206
23082615
23089410
23103003
23123400
23116600
23109801
23130201
23143806
23150610
23137003
23157415
23177836
23171028
23164221
23184645
23198266
23205078
23191455
23211891
23232336
23225520
23218705
23239153
23252790
23245971
23259610
23266431
23273253
23280076
23286900
23293725
23314206
23300551
23307378
23321035
23334696
23341528
23327865
23348361
23362030
23368866
23375703
23382541
23355195
23389380
23396220
23403061
23416746
23409903
23423590
23430435
23437281
23444128
23450976
23457825
23464675
23471526
23485231
23478378
23492085
23498940
23512653
23505796
23519511
23526370
23540091
23546953
23533230
23553816
23560680
23574411
23581278
23588146
23595015
23601885
23567545
23608756
23615628
23622501
23629375
23650003
23656881
23643126
23636250
23663760
23670640
2367752