671
24636690
24643710
24650731
24664776
24657753
24671800
24678825
24685851
24692878
24699906
24706935
24720996
24713965
24728028
24735061
24756166
24749130
24742095
24763203
24777280
24770241
24784320
24791361
24812490
24805446
24798403
24819535
24840676
24826581
24833628
24847725
24861826
24868878
24854775
24875931
24897096
24890040
24882985
24904153
24918270
24911211
24925330
24932391
24939453
24946516
24953580
24967711
24960645
24981846
24974778
24988915
24995985
25003056
25010128
25017201
25024275
25038426
25031350
25052581
25045503
25066740
25059660
25073821
25080903
25087986
25095070
25102155
25109241
25116328
25123416
25130505
25144686
25137595
25151778
25158871
25165965
25173060
25180156
25187253
25194351
25201450
25208550
25222753
25215651
25229856
25244065
25251171
25236960
25258278
25265386
25279605
25272495
25286716
25308055
25293828
25300941
25322286
25315170
25329403
25336521
25343640
25350760
25357881
25365003
25379250
25372126
25386375
25393501
25400628
25407756
25414885
25422015
25436278
25429146
25450545
25443411
25457680
25464816
25479091
25471953
25486230
25493370
25500511
25507653
25521940
25514796
25536231
25529085
25550526
25543378
25557675
25564825
25571976
25579128
25586281
25593435
256