00590
25607746
25622061
25614903
25629220
25636380
25643541
25650703
25657866
25665030
25672195
25679361
25686528
25693696
25700865
25708035
25715206
25722378
25729551
25736725
25743900
25751076
25758253
25765431
25772610
25779790
25801336
25786971
25794153
25808520
25815705
25830078
25837266
25822891
25858836
25866028
25851645
25844455
25880415
25894806
25887610
25873221
25923600
25902003
25916400
25909201
25930801
25938003
25945206
25952410
25966821
25974028
25981236
25959615
25995655
25988445
26010078
26002866
26017291
26038936
26024505
26031720
26067810
26046153
26053371
26060590
26082253
26075031
26096700
26089476
26103925
26111151
26125606
26118378
26147296
26132835
26140065
26154528
26161761
26168995
26176230
26183466
26190703
26205180
26197941
26212420
26226903
26219661
26234146
26241390
26248635
26263128
26255881
26270376
26277625
26292126
26284875
26299378
26306631
26321140
26313885
26328396
26350170
26342911
26335653
26357430
26364691
26379216
26371953
26386480
26393745
26401011
26422815
26415546
26430085
26408278
26437356
26451901
26444628
26459175
26473726
26481003
26466450
26488281
26510121
26502840
26495560
26517403
26539255
26531970
26524686
26546541
26561116
26568405
26553828
26575695
26590278
2