6582986
26597571
26604865
26612160
26619456
26626753
26634051
26641350
26655951
26648650
26663253
26685165
26670556
26677860
26692471
26714395
26699778
26707086
26736328
26729016
26743641
26721705
26765586
26750955
26772903
26758270
26794860
26780221
26802181
26787540
26809503
26824150
26816826
26831475
26838801
26846128
26853456
26860785
26875446
26868115
26882778
26890111
26904780
26912116
26897445
26919453
26926791
26941470
26934130
26948811
26956153
26963496
26970840
26978185
26985531
26992878
27000226
27007575
27014925
27022276
27029628
27036981
27051690
27044335
27059046
27066403
27081120
27073761
27088480
27095841
27103203
27110566
27117930
27125295
27132661
27140028
27147396
27154765
27162135
27169506
27176878
27184251
27191625
27199000
27206376
27213753
27221131
27228510
27235890
27250653
27243271
27258036
27265420
27287578
27280191
27272805
27294966
27317136
27302355
27309745
27324528
27339315
27346710
27331921
27354106
27361503
27368901
27376300
27383700
27398503
27391101
27405906
27413310
27420715
27428121
27442936
27435528
27457755
27450345
27465166
27472578
27479991
27487405
27502236
27494820
27517071
27509653
27531910
27524490
27546753
27539331
27569025
27561600
27576451
27554176
27591306
27606165