27583878
27598735
27628461
27613596
27635895
27621028
27665641
27658203
27650766
27643330
27680520
27673080
27687961
27695403
27702846
27710290
27717735
27725181
27740076
27732628
27747525
27754975
27777331
27769878
27762426
27784785
27799696
27792240
27807153
27814611
27829530
27822070
27836991
27851916
27859380
27844453
27866845
27874311
27881778
27904185
27889246
27896715
27911656
27934075
27919128
27926601
27941550
27963981
27949026
27956503
27971460
27986421
27978940
27993903
28001386
28008870
28016355
28023841
28031328
28053795
28038816
28046305
28061286
28083765
28076271
28068778
28091260
28113751
28098756
28106253
28121250
28143753
28136251
28128750
28173771
28158760
28166265
28151256
28196295
28203805
28188786
28181278
28211316
28226341
28218828
28233855
28241370
28263921
28256403
28248886
28278960
28286481
28271440
28294003
28324101
28309050
28316575
28301526
28331628
28346685
28339156
28354215
28376811
28369278
28361746
28384345
28391880
28399416
28406953
28414491
28422030
28429570
28437111
28444653
28459740
28452196
28467285
28474831
28482378
28489926
28497475
28505025
28512576
28520128
28527681
28535235
28550346
28557903
28565461
28542790
28595703
28588141
28580580
28573020
28610830
28603266
286183
