95
28625961
28633528
28641096
28648665
28656235
28671378
28678951
28663806
28686525
28694100
28701676
28709253
28724410
28716831
28731990
28739571
28754736
28762320
28747153
28769905
28792666
28777491
28785078
28800255
28815436
28807845
28823028
28830621
28853406
28845810
28838215
28861003
28868601
28883800
28876200
28891401
28906606
28914210
28899003
28921815
28929421
28937028
28944636
28952245
28967466
28959855
28975078
28982691
28990305
28997920
29005536
29013153
29028390
29020771
29036010
29043631
29051253
29066500
29058876
29074125
29089378
29081751
29097006
29104635
29127528
29112265
29119896
29150430
29142795
29135161
29158066
29165703
29173341
29188620
29180980
29211546
29203903
29219190
29196261
29249776
29234481
29242128
29226835
29265075
29272726
29280378
29257425
29288031
29310996
29303340
29295685
29333970
29326311
29341630
29318653
29356953
29372280
29364616
29349291
29395278
29402946
29387611
29379945
29433628
29410615
29418285
29425956
29448975
29441301
29456650
29464326
29479681
29487360
29472003
29495040
29510403
29502721
29518086
29525770
29533455
29548828
29541141
29556516
29564205
29579586
29571895
29587278
29610360
29602665
29618056
29594971
29648850
29641150
29625753
29633451
29664253
2965