6551
29671956
29679660
29687365
29702778
29695071
29710486
29725905
29733616
29718195
29741328
29764470
29756755
29749041
29772186
29795340
29787621
29779903
29803060
29818503
29810781
29826226
29841675
29857128
29849401
29833950
29888046
29872585
29880315
29864856
29903511
29911245
29895778
29918980
29934453
29926716
29942191
29949930
29965411
29957670
29973153
29980896
29996385
30004131
29988640
30011878
30042876
30035125
30019626
30027375
30058381
30073890
30066135
30050628
30097161
30104920
30089403
30081646
30128203
30135966
30120441
30112680
30151495
30167028
30143730
30159261
30174796
30182565
30190335
30198106
30229200
30221425
30213651
30205878
30236976
30252531
30244753
30260310
30283653
30275871
30291436
30268090
30322578
30299220
30314791
30307005
30338155
30330366
30345945
30353736
30369321
30377115
30384910
30361528
30392706
30400503
30408301
30416100
30423900
30431701
30439503
30447306
30455110
30462915
30470721
30478528
30486336
30494145
30501955
30509766
30517578
30525391
30533205
30541020
30548836
30556653
30572290
30580110
30564471
30587931
30595753
30611400
30603576
30619225
30634878
30627051
30642706
30650535
30658365
30674028
30666196
30681861
30705366
30697530
30689695
30713203
30721041
30