8
32914441
32930670
32922555
32938786
32946903
32955021
32963140
32971260
32979381
32987503
32995626
33003750
33011875
33020001
33028128
33036256
33044385
33052515
33060646
33068778
33076911
33085045
33093180
33101316
33109453
33117591
33133870
33125730
33142011
33150153
33166440
33158296
33174585
33182731
33190878
33199026
33207175
33215325
33223476
33231628
33247935
33239781
33256090
33264246
33272403
33280561
33296880
33288720
33305041
33313203
33321366
33329530
33337695
33345861
33362196
33354028
33378535
33370365
33394878
33386706
33403051
33411225
33427576
33419400
33435753
33443931
33452110
33460290
33468471
33476653
33484836
33493020
33509391
33501205
33517578
33525766
33533955
33542145
33550336
33558528
33566721
33574915
33583110
33591306
33599503
33607701
33624100
33615900
33640503
33632301
33656910
33648706
33665115
33673321
33689736
33681528
33697945
33706155
33714366
33722578
33730791
33739005
33747220
33755436
33771871
33763653
33788310
33780090
33804753
33796531
33812976
33821200
33837651
33829425
33845878
33854106
33862335
33870565
33887028
33878796
33903495
33895261
33911730
33919966
33936441
33928203
33944680
33952920
33961161
33969403
33977646
33985890
33994135
34002381
34010628
34027125
34018