03
38689206
38706801
38715600
38742003
38733201
38724400
38750806
38777221
38768415
38759610
38786028
38812455
38803645
38794836
38821266
38838891
38830078
38847705
38856520
38882971
38874153
38865336
38891790
38918253
38900610
38909431
38927076
38935900
38944725
38953551
38962378
38980035
38988865
38971206
38997696
39006528
39015361
39024195
39033030
39041866
39059541
39050703
39068380
39094903
39086061
39077220
39121435
39130281
39112590
39103746
39156825
39147976
39139128
39165675
39174526
39183378
39201085
39192231
39209940
39218796
39227653
39236511
39254230
39271953
39245370
39263091
39289680
39280816
39298545
39307411
39334015
39316278
39325146
39342885
39360628
39378375
39351756
39369501
39413881
39387250
39396126
39405003
39431640
39422760
39449403
39440521
39476055
39458286
39484941
39467170
39511605
39520495
39493828
39502716
39529386
39547171
39538278
39556065
39582753
39564960
39573856
39591651
39609450
39618351
39600550
39627253
39645060
39653965
39636156
39662871
39680686
39671778
39698505
39707416
39689595
39725241
39734155
39716328
39743070
39751986
39769821
39760903
39778740
39787660
39805503
39796581
39814426
39841201
39823350
39832275
39850128
39885846
39876915
39867985
39859056
39921580
3991