2645
39903711
39894778
39939453
39930516
39948391
39957330
39975211
39966270
39984153
39993096
40010985
40019931
40028878
40037826
40046775
40055725
40002040
40082581
40064676
40073628
40091535
40118403
40109446
40100490
40127361
40136320
40145280
40154241
40172166
40163203
40181130
40190095
40199061
40208028
40216996
40234935
40225965
40243906
40261851
40270825
40279800
40252878
40306731
40315710
40288776
40297753
40333671
40342653
40324690
40351636
40378591
40360620
40387578
40369605
40405555
40414545
40396566
40423536
40459510
40441521
40432528
40450515
40468506
40477503
40495500
40486501
40513501
40504500
40522503
40531506
40540510
40549515
40558521
40576536
40567528
40585545
40594555
40603566
40612578
40621591
40630605
40639620
40648636
40657653
40666671
40675690
40684710
40693731
40729825
40720800
40702753
40711776
40747878
40756906
40738851
40765935
40793028
40802061
40774965
40783996
40838203
40820130
40829166
40811095
40865320
40856280
40847241
40874361
40883403
40901490
40892446
40910535
40928628
40937676
40919581
40946725
40973878
40964826
40955775
40982931
40991985
41001040
41010096
41019153
41028211
41037270
41046330
41055391
41064453
41073516
41082580
41091645
41100711
41109778
41118846
41127915
41