42389028
42398236
42407445
42435078
42416655
42425866
42444291
42453505
42462720
42481153
42471936
42490371
42499590
42508810
42518031
42536476
42527253
42554925
42545700
42564151
42573378
42582606
42591835
42619528
42601065
42610296
42628761
42637995
42647230
42656466
42665703
42684180
42693420
42674941
42702661
42711903
42721146
42730390
42739635
42758128
42748881
42767376
42776625
42795126
42785875
42804378
42813631
42832140
42822885
42841396
42850653
42859911
42869170
42878430
42887691
42906216
42896953
42915480
42924745
42943278
42952546
42934011
42961815
42989628
42971085
42980356
42998901
43017450
43008175
43026726
43036003
43063840
43054560
43045281
43073121
43100970
43082403
43091686
43128828
43110255
43119541
43138116
43156695
43147405
43165986
43175278
43184571
43193865
43203160
43221753
43231051
43240350
43212456
43249650
43268253
43277556
43258951
43286860
43296165
43305471
43314778
43324086
43342705
43333395
43352016
43361328
43379955
43370641
43389270
43407903
43398586
43417221
43426540
43435860
43454503
43445181
43482475
43491801
43473150
43463826
43529115
43501128
43519785
43510456
43547778
43538446
43557111
43566445
43575780
43585116
43594453
43603791
43622470
43613130
43631811
43641153
4365049