98063010
98035003
98077015
98049006
98091021
98119036
98105028
98133045
98161066
98189091
98175078
98147055
98203105
98231136
98217120
98245153
98287210
98273190
98301231
98259171
98357325
98315253
98343300
98329276
98385378
98371351
98399406
98413435
98441496
98455528
98427465
98469561
98511666
98483595
98497630
98525703
98567820
98581861
98539741
98553780
98638035
98595903
98609946
98623990
98680176
98694225
98652081
98666128
98736378
98750431
98708275
98722326
98764485
98792596
98778540
98806653
98862891
98820711
98848830
98834770
98905080
98876953
98891016
98919145
98947278
98975415
98961346
98933211
98989485
99017628
99003556
99031701
99045775
99059850
99073926
99088003
99116160
99130240
99102081
99144321
99158403
99186570
99172486
99200655
99242916
99214741
99228828
99257005
99271095
99299278
99285186
99313371
99355656
99327465
99341560
99369753
99397950
99412050
99383851
99426151
99440253
99468460
99454356
99482565
99524886
99510778
99496671
99538995
99581328
99567216
99553105
99595441
99609555
99623670
99637786
99651903
99680140
99666021
99694260
99708381
99750750
99736626
99722503
99779001
99764875
99793128
99807256
99849646
99863778
99821385
99835515
99892045
99920316
99877911
99906180
99934453
99948591
99962730
99976870
100005153
100019296
99991011
100033440
100090026
100047585
100061731
100075878
100104175
100146628
100132476
100118325
100174935
100160781
100189090
100203246
100217403
100245720
100259880
100231561
100274041
100288203
100302366
100316530
100359028
100373196
100330695
100344861
100401535
100387365
100415706
100429878
100486576
100444051
100472400
100458225
100543290
100500753
100514931
100529110
100557471
100600020
100571653
100585836
100642578
100614205
100628391
100656766
100670955
100685145
100699336
100713528
100727721
100741915
100770306
100756110
100784503
100798701
100812900
100827100
100855503
100841301
100883910
100869706
100912321
100898115
100926528
100940736
100969155
100954945
100997578
100983366
101011791
101026005
101040220
101054436
101068653
101097090
101082871
101111310
101125531
101139753
101153976
101168200
101182425
101210878
101196651
101225106
101239335
101282028
101253565
101267796
101324730
101310495
101296261
101338966
101381680
101367441
101395920
101353203
101438646
101424403
101452890
101410161
101467135
101481381
101495628
101509876
101552626
101524125
101538375
101566878
101581131
101609640
101595385
101623896
101638153
101680930
101666670
101652411
101709453
101737980
101723716
101695191
101752245
101780778
101766511
101795046
101852128
101809315
101837856
101823585
101894950
101880675
101866401
101909226
101952060
101966340
101923503
101937781
102009186
101980621
102023470
101994903
102037755
102080616
102066328
102052041
102137778
102109195
102123486
102094905
102152071
102194956
102166365
102180660
102237850
102209253
102223551
102252150
102280753
102295056
102266451
102309360
102323665
102352278
102337971
102366586
102380895
102409516
102395205
102423828
102438141
102452455
102466770
102481086
102524040
102495403
102509721
102538360
102552681
102567003
102581326
102595650
102638628
102609975
102624301
102652956
102695946
102710278
102681615
102667285
102724611
102738945
102753280
102767616
102810630
102824970
102796291
102781953
102853653
102882340
102867996
102839311
102911031
102896685
102939726
102925378
102997128
102982776
102954075
102968425
103054546
103025835
103040190
103011481
103111980
103083261
103068903
103097620
103169430
103155066
103140703
103126341
103212528
103183795
103198161
103226896
103255635
103241265
103284378
103270006
103298751
103327500
103313125
103341876
103385010
103370631
103356253
103399390
103428153
103413771
103442536
103456920
103500078
103485691
103471305
103514466
103543245
103557636
103528855
103572028
103600815
103586421
103615210
103629606
103672800
103644003
103658401
103687200
103716003
103701601
103730406
103744810
103788028
103759215
103773621
103802436
103816845
103831255
103845666
103860078
103903320
103888905
103874491
103917736
103960990
103946571
103932153
103975410
104004253
103989831
104018676
104033100
104061951
104047525
104076378
104090806
104119665
104105235
104134096
104148528
104162961
104177395
104191830
104206266
104220703
104235141
104249580
104264020
104278461
104292903
104307346
104321790
104350681
104336235
104365128
104379576
104408475
104394025
104422926
104437378
104451831
104466285
104480740
104495196
104509653
104524111
104538570
104553030
104567491
104581953
104596416
104610880
104625345
104639811
104654278
104668746
104683215
104697685
104712156
104726628
104755575
104741101
104770050
104784526
104799003
104813481
104827960
104842440
104856921
104871403
104885886
104900370
104914855
104929341
104943828
104958316
104987295
104972805
105001786
105016278
105030771
105045265
105059760
105074256
105088753
105103251
105117750
105132250
105146751
105161253
105175756
105190260
105219271
105204765
105233778
105248286
105277305
105262795
105320841
105291816
105335355
105306328
105393421
105364386
105349870
105378903
105407940
105451503
105422460
105436981
105480550
105495075
105509601
105466026
105567715
105538656
105553185
105524128
105625845
105611311
105582246
105596778
105640380
105669453
105683991
105654916
105698530
105713070
105727611
105742153
105756696
105771240
105785785
105800331
105814878
105829426
105843975
105858525
105887628
105902181
105873076
105916735
105931290
105945846
105989520
105974961
105960403
106004080
106033203
106018641
106047766
106062330
106076895
106106028
106091461
106120596
106149735
106135165
106164306
106178878
106208025
106193451
106222600
106237176
106266331
106251753
106280910
106295490
106310071
106324653
106339236
106353820
106382991
106368405
106397578
106412166
106441345
106426755
106455936
106470528
106499715
106485121
106514310
106558101
106543503
106528906
106572700
106601901
106616503
106587300
106631106
106660315
106645710
106674921
106689528
106718745
106704136
106733355
106747966
106777191
106762578
106791805
106806420
106864890
106821036
106850271
106835653
106923376
106908753
106894131
106879510
106952625
106981878
106938000
106967251
107040396
107011135
107025765
106996506
107069661
107055028
107098930
107084295
107142841
107128203
107157480
107113566
107216046
107201403
107186761
107172120
107259981
107230690
107245335
107274628
107318575
107333226
107303925
107289276
107347878
107377185
107362531
107391840
107450470
107435811
107406496
107421153
107465130
107509116
107479791
107494453
107553111
107567778
107538445
107523780
107597115
107582446
107626456
107611785
107685150
107670475
107641128
107655801
107699826
107729181
107714503
107743860
107802586
107787903
107758540
107773221
107846641
107831955
107817270
107861328
107876016
107890705
107905395
107920086
107949471
107934778
107978860
107964165
108008253
108022951
107993556
108037650
108052350
108067051
108096456
108081753
108155278
108140571
108125865
108111160
108199405
108184695
108169986
108214116
108243541
108228828
108272970
108258255
108317121
108331840
108287686
108302403
108376003
108346560
108361281
108390726
108405450
108420175
108449628
108434901
108493815
108508546
108479085
108464356
108552745
108523278
108567480
108538011
108611691
108596953
108582216
108626430
108670653
108641170
108655911
108685396
108714885
108729631
108744378
108700140
108788625
108759126
108773875
108803376
108847635
108818128
108832881
108862390
108877146
108891903
108906661
108921420
108936180
108965703
108950941
108980466
109024761
109039528
109009995
108995230
109083835
109069065
109098606
109054296
109113378
109157700
109128151
109142925
109202031
109172476
109216810
109187253
109231590
109261153
109275936
109246371
109290720
109335078
109305505
109320291
109364655
109349866
109379445
109394236
109423821
109409028
109438615
109453410
109468206
109512600
109497801
109483003
109557003
109571806
109527400
109542201
109586610
109601415
109616221
109631028
109645836
109675455
109660645
109690266
109719891
109734705
109705078
109749520
109764336
109779153
109793971
109808790
109823610
109853253
109838431
109868076
109912551
109897725
109882900
109942206
109957035
109927378
109971865
109986696
110031195
110001528
110016361
110090541
110046030
110075703
110060866
110135061
110149903
110105380
110120220
110179590
110209281
110164746
110194435
110268675
110238976
110253825
110224128
110298378
110313231
110283526
110328085
110342940
110357796
110372653
110387511
110446953
110432091
110402370
110417230
110506411
110491545
110476680
110461816
110551015
110565885
110536146
110521278
110595628
110625375
110610501
110580756
110684881
110670003
110655126
110640250
110729521
110699760
110744403
110714640
110774170
110803941
110789055
110759286
110818828
110863495
110833716
110848605
110893278
110908171
110878386
110923065
110967753
110952856
110937960
110982651
110997550
111012450
111027351
111042253
111057156
111072060
111086965
111101871
111146595
111131686
111116778
111161505
111176416
111191328
111206241
111221155
111250986
111236070
111265903
111280821
111325581
111310660
111295740
111340503
111370350
111355426
111385275
111400201
111444985
111430056
111415128
111489778
111504711
111474846
111459915
111534580
111549516
111519645
111564453
111594330
111579391
111609270
111624211
111639153
111669040
111654096
111683985
111698931
111728826
111713878
111743775
111773676
111758725
111788628
111803581
111818535
111833490
111848446
111863403
111908280
111878361
111893320
111923241
111938203
111968130
111953166
112027996
112013028
111983095
111998061
112057935
112087878
112072906
112042965
112102851
112132800
112147776
112117825
112162753
112192710
112177731
112207690
112267620
112222671
112252636
112237653
112327566
112282605
112312578
112297591
112387528
112372536
112342555
112357545
112417515
112402521
112432510
112447506
112507500
112462503
112492500
112477501
112552506
