1,0
3,7
4,2
2,1
5,5
7,16
6,8
8,3
9,19
10,6
11,14
12,9
13,9
14,17
15,17
16,4
17,12
18,20
20,7
21,7
22,15
23,15
19,20
24,10
25,23
27,111
26,10
28,18
29,18
31,106
30,18
32,5
33,26
35,13
34,13
36,21
37,21
38,21
39,34
40,8
41,109
42,8
43,29
45,16
44,16
46,16
47,104
49,24
48,11
50,24
51,24
53,11
52,11
54,112
56,19
57,32
55,112
58,19
60,19
59,32
61,19
62,107
65,27
64,6
63,107
66,27
69,14
68,14
67,27
70,14
71,102
72,22
73,115
74,22
77,22
76,22
75,14
78,35
81,22
79,35
80,9
83,110
85,9
84,9
82,110
86,30
87,30
88,17
89,30
92,17
90,17
91,92
93,17
96,12
95,105
94,105
97,118
100,25
99,25
98,25
101,25
102,25
104,12
103,87
108,113
106,12
107,100
105,38
110,113
109,113
111,69
112,20
114,33
113,12
115,33
116,20
118,33
119,33
117,20
120,20
122,20
123,46
121,95
124,108
125,108
126,108
127,46
128,7
129,121
130,28
131,28
132,28
135,41
133,28
134,28
137,90
136,15
138,15
139,41
141,15
140,15
142,103
143,103
147,116
146,116
144,23
145,116
149,23
150,15
148,23
151,15
152,23
154,23
153,36
155,85
157,36
156,36
159,54
158,36
161,98
160,10
162,23
163,23
166,111
164,111
165,111
167,67
168,10
169,49
170,10
171,124
172,31
174,31
173,31
175,80
177,31
176,18
178,31
179,31
180,18
182,93
181,18
183,93
187,44
185,44
186,18
184,18
189,106
190,106
188,106
191,44
193,119
192,13
195,119
194,119
198,26
199,119
197,26
196,26
202,26
200,26
201,18
203,39
207,88
204,26
205,26
206,88
210,39
208,13
209,39
211,39
212,13
213,13
215,101
214,101
216,114
218,114
217,26
219,52
220,114
222,70
221,114
223,70
226,13
224,21
225,52
227,13
230,34
229,34
228,34
231,127
232,21
233,83
234,21
235,127
238,34
237,34
236,34
239,52
240,21
242,96
241,21
243,96
246,47
245,21
244,21
250,109
248,109
247,47
249,47
251,65
252,109
253,109
254,47
256,8
255,47
257,122
258,122
260,29
261,29
259,122
262,29
263,78
265,122
266,29
264,29
267,21
269,29
268,29
270,42
271,42
272,16
273,29
274,91
275,91
277,16
276,16
278,42
279,42
281,42
280,16
282,16
284,104
285,104
283,60
286,104
287,42
289,29
288,24
290,117
291,117
293,117
292,117
294,117
296,24
295,55
298,24
297,73
299,117
300,16
301,16
302,16
303,42
304,24
305,37
306,37
308,24
307,37
309,24
310,86
311,86
312,37
313,130
314,37
315,37
316,37
317,37
318,55
319,55
322,99
320,11
321,24
325,24
323,99
324,24
326,24
