28920
29161
29646
29890
29403
30135
30628
30876
30381
31125
32131
31626
31375
31878
32385
32640
33153
32896
33670
33930
33411
34191
34980
34716
34453
35245
35778
35511
36315
36046
36856
36585
37128
37401
38226
37950
37675
38503
38781
39060
39621
39340
39903
40186
40470
40755
41041
41328
41616
41905
42195
42778
42486
43071
43660
43956
43365
44253
44551
44850
45150
45451
45753
46056
46360
46665
46971
47278
47586
47895
48205
48828
48516
49455
49141
50086
49770
50403
50721
51360
51040
52003
51681
52650
52326
52975
53301
53956
53628
54615
54285
55278
55611
54946
55945
56280
56616
56953
57291
57630
58311
57970
58653
58996
59340
59685
60031
60378
60726
61075
61425
62128
61776
62481
62835
63903
63546
64261
63190
64980
65703
64620
65341
66066
67161
66430
66795
67896
68265
67528
68635
69378
69006
69751
70125
70500
70876
71253
71631
72010
72390
72771
73153
73920
73536
74691
74305
75078
75466
75855
76636
77028
76245
77421
78210
77815
78606
79003
79401
79800
80200
81003
80601
81406
81810
82621
82215
83028
83436
84255
83845
84666
85078
85491
85905
86320
86736
87153
87571
87990
88410
89253
88831
89676
90100
90525
90951
91378
91806
92665
93096
92235
94395
93961
93528
94830
95266
96141
95703
96580
97461
97020
97903
98346
99235
