98790
99681
100128
101025
100576
101475
101926
102831
102378
103285
103740
105570
104653
104196
105111
107416
106953
106030
106491
107880
109278
108345
108811
111156
109746
110215
110685
112101
113050
111628
112575
114481
113526
114960
114003
115921
116403
115440
116886
117370
117855
118828
118341
120786
119316
120295
119805
122265
121278
122760
121771
124251
123753
124750
123256
126253
125751
125250
126756
127260
127765
128271
128778
129286
130816
130305
129795
131328
131841
132355
132870
133903
134940
134421
133386
136503
135460
135981
137026
138601
138075
137550
139128
140715
139656
140185
141246
141778
142311
142845
143380
144453
144991
143916
145530
147153
146611
146070
147696
148240
148785
149331
149878
150426
150975
151525
152076
153181
152628
153735
154846
155403
154290
155961
157641
156520
157080
158203
158766
159895
159330
161028
160461
162165
161596
163306
162735
163878
164451
165025
165600
166176
166753
167910
167331
168490
169071
170820
170236
169653
171405
173166
171991
172578
173755
175528
174345
174936
176121
177906
177310
176715
178503
180300
179700
179101
180901
182710
181503
182106
183315
185136
184528
183921
185745
186966
186355
187578
188191
190036
188805
189420
190653
191890
191271
192510
