6
660675
661825
662976
664128
665281
666435
667590
668746
669903
671061
672220
673380
674541
675703
676866
678030
679195
680361
682696
681528
683865
685035
686206
687378
688551
689725
692076
690900
693253
694431
697971
696790
695610
699153
700336
702705
703891
701520
706266
705078
707455
708645
712221
711028
709836
715806
717003
714610
720600
719400
718201
713415
723003
721801
724206
726615
725410
727821
730236
729028
732655
733866
735078
731445
736291
737505
738720
742371
741153
743590
744810
746031
747253
739936
748476
749700
750925
752151
753378
754606
755835
757065
758296
759528
760761
763230
764466
766941
765703
768180
770661
769420
771903
761995
773146
774390
775635
778128
779376
776881
780625
783126
784378
781875
786885
785631
789396
788140
790653
791911
793170
794430
795691
796953
798216
799480
800745
802011
803278
804546
805815
807085
808356
809628
810901
813450
812175
814726
816003
819840
817281
818560
821121
824970
823686
822403
826255
827541
828828
832695
830116
831405
833986
835278
836571
837865
839160
841753
840456
843051
844350
846951
845650
848253
849556
852165
850860
853471
854778
857395
856086
858705
860016
862641
861328
863955
865270
867903
866586
869221
870540
873181
871860
874503
875826
8784