75
877150
879801
881128
882456
883785
885115
886446
887778
889111
890445
891780
894453
893116
895791
897130
898470
899811
901153
902496
903840
905185
906531
907878
910575
909226
911925
913276
915981
914628
917335
918690
920046
921403
922761
924120
925480
926841
928203
929566
932295
930930
933661
935028
937765
936396
939135
940506
941878
943251
944625
947376
946000
948753
950131
952890
951510
954271
955653
957036
959805
958420
961191
963966
962578
965355
966745
970921
968136
969528
972315
976503
973710
975106
979300
977901
980700
982101
983503
984906
986310
989121
987715
990528
991936
993345
996166
994755
997578
998991
1001820
1000405
1003236
1004653
1008910
1007490
1006071
1011753
1010331
1013176
1014600
1018878
1020306
1016025
1017451
1023165
1026028
1021735
1024596
1031766
1030330
1027461
1028895
1034641
1033203
1036080
1037520
1040403
1038961
1041846
1043290
1047628
1044735
1046181
1049076
1053426
1051975
1050525
1054878
1056331
1057785
1059240
1062153
1060696
1063611
1065070
1069453
1066530
1067991
1070916
1075311
1072380
1076778
1073845
1078246
1081185
1082656
1079715
1085601
1084128
1087075
1088550
1094460
1090026
1091503
1092981
1095940
1097421
1098903
1100386
1103355
1104841
1101870
1106328
1109305
11107