95
1112286
1107816
1116765
1115271
1113778
1118260
1122751
1121253
1124250
1119756
1130256
1127251
1125750
1128753
1136278
1133265
1131760
1134771
1142316
1139295
1140805
1137786
1146855
1145341
1148370
1143828
1151403
1152921
1154440
1149886
1157481
1159003
1155960
1160526
1162050
1165101
1166628
1163575
1171215
1169685
1168156
1172746
1178880
1175811
1177345
1174278
1181953
1183491
1185030
1180416
1188111
1189653
1186570
1191196
1192740
1194285
1195831
1197378
1198926
1200475
1202025
1203576
1205128
1209790
1208235
1206681
1214461
1212903
1211346
1216020
1217580
1222266
1219141
1220703
1223830
1226961
1225395
1228528
1233235
1231665
1230096
1234806
1236378
1239525
1237951
1241100
1244253
1242676
1245831
1247410
1252153
1250571
1248990
1253736
1256905
1258491
1255320
1260078
1261666
1264845
1263255
1266436
1268028
1271215
1269621
1272810
1277601
1274406
1276003
1279200
1280800
1282401
1284003
1285606
1287210
1290421
1288815
1292028
1296855
1293636
1295245
1298466
1301691
1300078
1303305
1304920
1306536
1308153
1309771
1311390
1313010
1314631
1316253
1317876
1322751
1319500
1321125
1324378
1327635
1329265
1326006
1330896
1335795
1334161
1332528
1337430
1342341
1340703
1339066
1343980
1348903
1345620
1347261
1350