04176
1906128
1908081
1911990
1913946
1910035
1917861
1915903
1919820
1921780
1925703
1923741
1927666
1929630
1931595
1933561
1935528
1937496
1939465
1941435
1943406
1945378
1947351
1949325
1951300
1953276
1955253
1957231
1959210
1965153
1963171
1961190
1967136
1969120
1973091
1971105
1977066
1975078
1979055
1981045
1983036
1985028
1987021
1989015
1991010
1993006
1997001
1995003
2001000
1999000
2003001
2005003
2009010
2007006
2013021
2011015
2015028
2017036
2019045
2021055
2025078
2023066
2029105
2027091
2031120
2033136
2037171
2035153
2039190
2041210
2043231
2045253
2047276
2049300
2053351
2051325
2055378
2057406
2061465
2059435
2063496
2065528
2069595
2067561
2071630
2073666
2075703
2077741
2079780
2081820
2085903
2083861
2089990
2087946
2094081
2092035
2098176
2096128
2100225
2102275
2104326
2106378
2110485
2108431
2114596
2112540
2116653
2118711
2120770
2122830
2124891
2126953
2129016
2131080
2135211
2133145
2139346
2137278
2141415
2143485
2147628
2145556
2149701
2153850
2155926
2151775
2164240
2158003
2160081
2162160
2166321
2170486
2168403
2172570
2176741
2174655
2178828
2180916
2185095
2183005
2187186
2189278
2191371
2195560
2193465
2197656
2199753
2201851
2208151
2203950
2210253
2206050
2212356
2216565
2