2552670
2554930
2559453
2557191
2561716
2566245
2563980
2568511
2575315
2577585
2570778
2573046
2584401
2579856
2582128
2586675
2588950
2591226
2593503
2595781
2598060
2602621
2600340
2604903
2607186
2611755
2614041
2609470
2616328
2618616
2620905
2623195
2625486
2630071
2627778
2632365
2634660
2636956
2639253
2641551
2643850
2650753
2648451
2646150
2655360
2659971
2657665
2653056
2662278
2664586
2666895
2669205
2676141
2673828
2671516
2678455
2685403
2683086
2680770
2687721
2690040
2694681
2692360
2697003
2699326
2703975
2701650
2706301
2708628
2715615
2713285
2710956
2722611
2717946
2720278
2724945
2734291
2727280
2729616
2731953
2743653
2736630
2741311
2738970
2750685
2748340
2753031
2745996
2755378
2762425
2757726
2760075
2764776
2769481
2767128
2771835
2776546
2774190
2778903
2781261
2783620
2785980
2790703
2788341
2793066
2797795
2800161
2795430
2802528
2804896
2807265
2809635
2819125
2814378
2816751
2812006
2828631
2823876
2826253
2821500
2831010
2835771
2838153
2833390
2845305
2842920
2840536
2847691
2854855
2852466
2850078
2859636
2857245
2864421
2862028
2866815
2874003
2869210
2871606
2878800
2876401
2881200
2883601
2890810
2893215
2886003
2888406
2900436
2902845
2898028
2895621
2905255
2910078
2907666