9851
4588935
4598028
4601061
4591965
4594996
4607130
4610166
4604095
4613203
4625361
4619280
4616241
4622320
4631446
4634490
4628403
4637535
4649725
4640581
4643628
4646676
4655826
4652775
4658878
4661931
4668040
4671096
4664985
4674153
4677211
4683330
4680270
4686391
4689453
4695580
4692516
4698645
4707846
4701711
4704778
4713985
4717056
4710915
4720128
4726275
4729350
4723201
4732426
4741660
4744740
4735503
4738581
4757070
4753986
4750903
4747821
4763241
4760155
4766328
4769416
4772505
4775595
4778686
4781778
4784871
4787965
4791060
4794156
4797253
4800351
4803450
4806550
4809651
4815856
4812753
4818960
4822065
4831386
4825171
4828278
4834495
4840716
4837605
4843828
4846941
4853170
4850055
4856286
4859403
4868760
4865640
4862521
4871881
4878126
4881250
4875003
4884375
4887501
4890628
4893756
4900015
4903146
4896885
4906278
4915680
4909411
4912545
4918816
4925091
4921953
4928230
4931370
4934511
4937653
4940796
4943940
4947085
4950231
4953378
4956526
4962825
4959675
4965976
4969128
4975435
4972281
4978590
4981746
4988061
4984903
4991220
4994380
4997541
5000703
5003866
5007030
5010195
5016528
5013361
5019696
5026035
5022865
5029206
5032378
5038725
5035551
5041900
5045076
5048253
5054610
5051431
5057790
5060971
50