6084816
6102271
6098778
6105765
6095286
6109260
6119751
6116253
6112756
6130251
6133753
6126750
6123250
6147771
6144265
6137256
6140760
6151278
6154786
6158295
6161805
6172341
6168828
6165316
6175855
6186403
6179370
6182886
6189921
6200481
6193440
6196960
6214575
6211050
6207526
6221628
6218101
6225156
6204003
6232215
6239278
6235746
6228685
6246345
6242811
6249880
6253416
6256953
6260491
6264030
6267570
6271111
6281740
6278196
6274653
6285285
6292378
6288831
6295926
6299475
6303025
6310128
6306576
6313681
6324346
6320790
6317235
6327903
6331461
6335020
6338580
6342141
6349266
6345703
6352830
6356395
6359961
6363528
6367096
6370665
6374235
6377806
6381378
6384951
6395676
6388525
6392100
6399253
6409990
6406410
6402831
6413571
6424320
6417153
6420736
6427905
6435078
6431491
6438666
6442255
6449436
6445845
6453028
6456621
6467406
6463810
6460215
6471003
6481800
6478200
6474601
6485401
6489003
6492606
6496210
6499815
6507028
6503421
6510636
6514245
6517855
6521466
6525078
6528691
6535920
6532305
6539536
6543153
6550390
6546771
6554010
6557631
6561253
6564876
6572125
6568500
6575751
6579378
6586635
6583006
6590265
6593896
6597528
6604795
6601161
6608430
6615703
6619341
6612066
6622980
6630261
6633903
6626620
6637546