6641190
6648481
6644835
6652128
6663075
6655776
6659425
6666726
6670378
6677685
6674031
6681340
6688653
6692311
6684996
6695970
6699630
6703291
6706953
6710616
6717945
6721611
6714280
6725278
6736285
6732615
6728946
6739956
6747301
6743628
6750975
6754650
6762003
6765681
6758326
6769360
6773040
6776721
6780403
6784086
6787770
6791455
6795141
6798828
6802516
6806205
6809895
6813586
6817278
6824665
6820971
6828360
6832056
6839451
6835753
6843150
6850551
6846850
6854253
6857956
6865365
6861660
6869071
6872778
6883905
6876486
6887616
6880195
6891328
6898755
6895041
6902470
6913621
6917340
6906186
6909903
6928503
6921060
6924781
6932226
6939675
6943401
6935950
6947128
6950856
6954585
6958315
6965778
6962046
6969511
6973245
6976980
6980716
6984453
6988191
6991930
6999411
6995670
7006896
7003153
7010640
7014385
7018131
7021878
7025626
7033125
7029375
7036876
7040628
7048135
7051890
7055646
7044381
7059403
7066920
7063161
7070680
7074441
7085730
7078203
7081966
7089495
7093261
7097028
7100796
7104565
7115878
7108335
7112106
7119651
7130976
7123425
7127200
7134753
7138531
7142310
7146090
7149871
7157436
7161220
7153653
7165005
7172578
7168791
7176366
7180155
7187736
7183945
7191528
7195321
7199115
7202910
7206706
721430
