81
7807176
7811128
7819035
7822990
7826946
7834861
7830903
7838820
7842780
7850703
7846741
7854666
7858630
7866561
7862595
7870528
7874496
7878465
7882435
7886406
7890378
7894351
7898325
7902300
7906276
7910253
7914231
7918210
7922190
7926171
7930153
7934136
7938120
7942105
7946091
7950078
7954066
7962045
7958055
7966036
7970028
7978015
7974021
7982010
7986006
7994001
7990003
7998000
8002000
8010003
8006001
8014006
8018010
8022015
8026021
8030028
8034036
8038045
8042055
8046066
8050078
8058105
8054091
8062120
8066136
8070153
8074171
8078190
8082210
8086231
8090253
8094276
8098300
8106351
8102325
8110378
8114406
8118435
8122465
8126496
8130528
8134561
8138595
8142630
8146666
8154741
8150703
8158780
8162820
8166861
8170903
8174946
8187081
8183035
8191128
8199225
8195176
8178990
8203275
8211378
8215431
8207326
8219485
8223540
8227596
8231653
8235711
8239770
8243830
8247891
8256016
8251953
8260080
8264145
8268211
8272278
8276346
8280415
8284485
8288556
8292628
8296701
8300775
8304850
8308926
8313003
8317081
8321160
8325240
8329321
8333403
8337486
8341570
8345655
8349741
8353828
8357916
8362005
8366095
8370186
8374278
8378371
8382465
8386560
8390656
8394753
8402950
8398851
8407050
8411151
8419356
8415253
8423460
8427