19165
11005086
11028556
11037951
11023860
11033253
11056753
11052051
11042650
11047350
11075571
11061456
11070865
11066160
11080278
11089695
11084986
11094405
11113255
11103828
11099116
11108541
11117970
11127403
11122686
11132121
11141560
11146281
11136840
11151003
11165175
11160450
11155726
11169901
11179356
11174628
11184085
11188815
11203011
11198278
11193546
11207745
11212480
11217216
11221953
11226691
11236170
11240911
11231430
11245653
11259885
11255140
11250396
11264631
11278875
11269378
11274126
11283625
11293128
11288376
11297881
11302635
11307390
11316903
11321661
11326420
11312146
11331180
11335941
11340703
11345466
11354995
11350230
11359761
11364528
11369296
11374065
11378835
11383606
11393151
11388378
11397925
11402700
11412253
11407476
11417031
11421810
11431371
11426590
11440936
11450505
11445720
11436153
11469655
11455291
11464866
11460078
11484028
11474445
11479236
11488821
11493615
11498410
11503206
11508003
11512801
11517600
11522400
11527201
11532003
11536806
11541610
11546415
11551221
11556028
11560836
11565645
11570455
11575266
11580078
11584891
11589705
11594520
11599336
11604153
11608971
11613790
11618610
11623431
11628253
11633076
11637900
11642725
11647551
11652378
11657206
11662035
