12338028
12342996
12347965
12357906
12352935
12362878
12367851
12372825
12377800
12382776
12387753
12392731
12397710
12402690
12407671
12417636
12412653
12422620
12427605
12437578
12432591
12442566
12447555
12452545
12457536
12462528
12467521
12472515
12477510
12482506
12487503
12492501
12497500
12502500
12507501
12517506
12512503
12522510
12527515
12537528
12532521
12542536
12547545
12552555
12557566
12562578
12567591
12572605
12577620
12582636
12587653
12592671
12597690
12602710
12607731
12612753
12617776
12622800
12627825
12632851
12647935
12637878
12642906
12652965
12668061
12663028
12657996
12673095
12683166
12688203
12678130
12693241
12703320
12708361
12698280
12713403
12723490
12728535
12718446
12733581
12738628
12748725
12743676
12753775
12758826
12768931
12763878
12773985
12784096
12794211
12789153
12779040
12814453
12804330
12799270
12809391
12829645
12819516
12834711
12824580
12854985
12849915
12844846
12839778
12870201
12865128
12875275
12860056
12890503
12880350
12885426
12895581
12900660
12910821
12905740
12915903
12931155
12920986
12936241
12926070
12951505
12956595
12941328
12946416
12976965
12971871
12966778
12961686
12987156
12982060
12992253
13002450
13007550
12997351
13012651
13022856
130279
