1420
13736661
13741903
13762881
13752390
13747146
13757635
13768128
13773376
13778625
13783875
13789126
13794378
13799631
13804885
13815396
13810140
13820653
13825911
13841691
13831170
13836430
13852216
13846953
13862745
13857480
13878546
13873278
13883815
13868011
13889085
13899628
13894356
13904901
13910175
13915450
13920726
13926003
13941840
13936560
13931281
13947121
13962970
13952403
13957686
13968255
13978828
13984116
13973541
13989405
14005278
13999986
13994695
14010571
14026456
14015865
14021160
14031753
14037051
14042350
14047650
14052951
14058253
14063556
14068860
14090086
14079471
14084778
14074165
14095395
14100705
14111328
14106016
14121955
14116641
14132586
14127270
14153860
14148540
14143221
14137903
14169826
14175150
14164503
14159181
14185801
14191128
14196456
14180475
14212446
14207115
14217778
14201785
14233780
14228445
14239116
14223111
14249791
14260470
14244453
14255130
14276496
14281840
14271153
14265811
14287185
14292531
14297878
14303226
14313925
14308575
14319276
14335335
14340690
14324628
14329981
14362120
14346046
14356761
14351403
14367480
14372841
14378203
14383566
14394295
14388930
14399661
14405028
14426506
14421135
14415765
14410396
14437251
14431878
14442625
14448000
14458753
14