464131
14469510
14453376
14485653
14480271
14474890
14491036
14501805
14496420
14507191
14512578
14517966
14534136
14528745
14523355
14544921
14539528
14550315
14555710
14571901
14566503
14561106
14577300
14588101
14593503
14582700
14598906
14609715
14604310
14615121
14620528
14625936
14631345
14636755
14642166
14647578
14652991
14663820
14658405
14669236
14674653
14680071
14685490
14690910
14696331
14707176
14701753
14712600
14718025
14723451
14728878
14734306
14739735
14745165
14750596
14756028
14761461
14766895
14772330
14777766
14783203
14788641
14794080
14799520
14804961
14810403
14821290
14826735
14815846
14832181
14837628
14843076
14848525
14853975
14859426
14864878
14870331
14875785
14886696
14892153
14897611
14881240
14908530
14903070
14913991
14924916
14919453
14930380
14935845
14941311
14952246
14946778
14957715
14963185
14968656
14974128
14979601
14990550
14985075
14996026
15001503
15006981
15012460
15017940
15023421
15028903
15039870
15034386
15056328
15050841
15061816
15045355
15072795
15078286
15083778
15067305
15089271
15105756
15094765
15100260
15111253
15122250
15127750
15116751
15138753
15144256
15133251
15149760
15171786
15155265
15166278
15160771
15177295
15182805
15188316
15193828
15199341
