5
15969726
15975378
15981031
15986685
15992340
15997996
16003653
16009311
16014970
16020630
16026291
16031953
16037616
16048945
16054611
16043280
16060278
16065946
16071615
16082956
16077285
16088628
16094301
16105650
16099975
16111326
16117003
16122681
16128360
16134040
16139721
16145403
16151086
16162455
16156770
16168141
16173828
16179516
16185205
16190895
16196586
16207971
16202278
16219360
16213665
16225056
16230753
16242150
16236451
16247850
16253551
16264956
16259253
16270660
16276365
16282071
16293486
16287778
16299195
16310616
16304905
16316328
16322041
16327755
16333470
16339186
16344903
16350621
16362060
16356340
16367781
16384950
16390675
16379226
16373503
16407856
16402128
16396401
16413585
16419315
16430778
16425046
16436511
16442245
16453716
16447980
16459453
16476670
16465191
16470930
16482411
16493896
16499640
16488153
16505385
16522626
16511131
16516878
16528375
16539876
16545628
16534125
16551381
16557135
16568646
16562890
16574403
16585920
16591680
16580161
16597441
16614730
16608966
16603203
16620495
16626261
16637796
16632028
16643565
16649335
16655106
16660878
16666651
16672425
16678200
16683976
16689753
16695531
16701310
16707090
16718653
16712871
16724436
16730220
16736005
16741791
16747