578
16753366
16759155
16764945
16770736
16782321
16776528
16788115
16793910
16805503
16799706
16811301
16817100
16822900
16828701
16834503
16840306
16846110
16863528
16857721
16851915
16869336
16875145
16886766
16880955
16892578
16910020
16898391
16904205
16915836
16921653
16927471
16933290
16939110
16944931
16956576
16950753
16962400
16974051
16968225
16979878
16985706
17003196
16997365
16991535
17020695
17014861
17009028
17026530
17038203
17044041
17032366
17049880
17067403
17061561
17055720
17073246
17090781
17084935
17079090
17096628
17108325
17102476
17114175
17120026
17131731
17125878
17137585
17143440
17149296
17155153
17161011
17166870
17184453
17172730
17178591
17190316
17202045
17207911
17196180
17213778
17225515
17219646
17231385
17237256
17254875
17249001
17243128
17278381
17272503
17260750
17266626
17284260
17301903
17296021
17290140
17325441
17319555
17307786
17313670
17348995
17331328
17337216
17343105
17366671
17360778
17372565
17354886
17396151
17390253
17378460
17384356
17413851
17402050
17419753
17407950
17431560
17437465
17425656
17443371
17455186
17449278
17467005
17461095
17472916
17484741
17478828
17490655
17502486
17496570
17508403
17514321
17532081
17520240
17526160
17538003
17561701
175