49850
17555775
17543926
17567628
17585415
17573556
17579485
17609145
17603211
17597278
17591346
17615080
17626953
17621016
17632891
17644770
17650711
17638830
17656653
17680431
17668540
17662596
17674485
17704225
17692326
17698275
17686378
17710176
17722081
17728035
17716128
17745903
17733990
17751861
17739946
17775703
17769741
17763780
17757820
17787630
17781666
17793595
17799561
17811496
17817465
17805528
17823435
17835378
17829406
17841351
17847325
17865253
17859276
17871231
17853300
17889171
17877210
17895153
17883190
17919091
17907120
17901136
17913105
17925078
17937055
17931066
17943045
17961021
17955028
17949036
17967015
17979006
17973010
17985003
17991001
18009001
17997000
18003000
18015003
18021006
18033015
18027010
18039021
18045028
18051036
18057045
18063055
18081091
18075078
18069066
18087105
18093120
18099136
18105153
18111171
18129231
18123210
18117190
18153325
18147300
18141276
18135253
18171406
18177435
18165378
18159351
18183465
18195528
18189496
18201561
18213630
18219666
18207595
18225703
18243820
18231741
18237780
18249861
18267990
18261946
18255903
18274035
18292176
18280081
18286128
18298225
18316378
18310326
18304275
18334540
18322431
18340596
18328485
18346653
18352711
18358770
18364830
