8383016
18389080
18370891
18376953
18407278
18413346
18401211
18395145
18437628
18419415
18425485
18431556
18443701
18449775
18455850
18461926
18468003
18474081
18480160
18486240
18498403
18504486
18492321
18510570
18516655
18528828
18522741
18534916
18553186
18547095
18541005
18559278
18577560
18565371
18571465
18583656
18601950
18589753
18595851
18608050
18626356
18614151
18620253
18632460
18644671
18638565
18650778
18656886
18662995
18669105
18675216
18681328
18687441
18699670
18693555
18718021
18724140
18711903
18705786
18730260
18748626
18736381
18742503
18767001
18754750
18760875
18773128
18791515
18785385
18779256
18797646
18803778
18816045
18809911
18822180
18834453
18828316
18840591
18846730
18852870
18859011
18865153
18871296
18889731
18877440
18883585
18895878
18902026
18908175
18914325
18920476
18926628
18938935
18932781
18945090
18963561
18951246
18957403
18969720
18988203
18982041
18975880
18994366
19012861
19000530
19019028
19006695
19025196
19043706
19037535
19031365
19049878
19068400
19062225
19056051
19074576
19086931
19099290
19093110
19080753
19111653
19105471
19117836
19124020
19142578
19136391
19130205
19148766
19161145
19154955
19173528
19167336
19179721
19185915
19192110
19198306
19204503