45
20069280
20075616
20081953
20088291
20100970
20094630
20107311
20126340
20113653
20119996
20139031
20132685
20145378
20151726
20164425
20170776
20177128
20158075
20189835
20202546
20183481
20196190
20208903
20221620
20215261
20227980
20234341
20253430
20240703
20247066
20266161
20259795
20272528
20285265
20291635
20298006
20278896
20310751
20323500
20317125
20304378
20329876
20342631
20336253
20349010
20355390
20361771
20368153
20374536
20387305
20400078
20393691
20380920
20412855
20406466
20425636
20419245
20432028
20438421
20451210
20444815
20476800
20464003
20470401
20457606
20489601
20496003
20502406
20483200
20515215
20521621
20528028
20508810
20547255
20553666
20534436
20540845
20560078
20579320
20572905
20566491
20592153
20585736
20604990
20598571
20617831
20624253
20630676
20611410
20656378
20649951
20637100
20643525
20675665
20662806
20669235
20682096
20694961
20688528
20701395
20707830
20727141
20720703
20714266
20733580
20746461
20740020
20752903
20759346
20778681
20765790
20772235
20785128
20791576
20804475
20798025
20810926
20817378
20823831
20830285
20836740
20843196
20849653
20856111
20862570
20875491
20881953
20869030
20888416
20894880
20901345
20907811
20914278
20933685
20920746
20927215
2094