0156
20959575
20953101
20946628
20966050
20979003
20972526
20985481
20991960
21004921
20998440
21011403
21017886
21024370
21037341
21030855
21043828
21056805
21050316
21063295
21069786
21089265
21076278
21082771
21095760
21115251
21102256
21108753
21121750
21134751
21141253
21128250
21147756
21167271
21160765
21154260
21173778
21193305
21180286
21186795
21199816
21219355
21212841
21206328
21225870
21238903
21232386
21251940
21245421
21271503
21258460
21278026
21264981
21291075
21297601
21284550
21304128
21317185
21330246
21310656
21323715
21336778
21356380
21349845
21343311
21375991
21362916
21369453
21382530
21408696
21402153
21395611
21389070
21428331
21415240
21421785
21434878
21441426
21461076
21447975
21454525
21487290
21474181
21467628
21480735
21493846
21500403
21506961
21513520
21520080
21526641
21533203
21539766
21546330
21559461
21552895
21566028
21579165
21585735
21572596
21592306
21598878
21605451
21612025
21618600
21631753
21625176
21638331
21644910
21664653
21658071
21651490
21671236
21690991
21677820
21684405
21697578
21717345
21710755
21704166
21723936
21743715
21730528
21737121
21770101
21756906
21750310
21763503
21776700
21783300
21789901
21796503
21803106
21809710
21822921
21816315
21849355
21