23684403
23698170
23705055
23691286
23711941
23725716
23718828
23732605
23739495
23760171
23746386
23753278
23780856
23767065
23773960
23801550
23794651
23787753
23808450
23815351
23829156
23822253
23836060
23842965
23849871
23856778
23863686
23877505
23884416
23870595
23891328
23898241
23905155
23912070
23932821
23925903
23918986
23953581
23960503
23946660
23939740
23974350
23967426
23981275
23988201
24002056
24008985
24015915
23995128
24029778
24022846
24036711
24043645
24050580
24057516
24064453
24071391
24085270
24078330
24092211
24099153
24113040
24119985
24106096
24126931
24133878
24140826
24147775
24154725
24168628
24175581
24161676
24182535
24189490
24196446
24203403
24210361
24217320
24224280
24231241
24238203
24245166
24252130
24266061
24279996
24259095
24273028
24286965
24293935
24307878
24300906
24314851
24321825
24335776
24328800
24349731
24342753
24356710
24363690
24370671
24377653
24384636
24391620
24398605
24405591
24419566
24412578
24426555
24433545
24440536
24447528
24454521
24461515
24475506
24468510
24482503
24489501
24496500
24503500
24510501
24517503
24524506
24531510
24538515
24545521
24552528
24559536
24566545
24573555
24587578
24580566
24594591
24608620
24615636
24622653
24601605
24629
