728880
30736720
30744561
30760246
30768090
30752403
30775935
30783781
30791628
30799476
30807325
30823026
30815175
30830878
30838731
30846585
30862296
30854440
30878011
30870153
30885870
30893730
30901591
30909453
30917316
30925180
30933045
30940911
30956646
30948778
30972385
30964515
30988128
30980256
30996001
31019626
31003875
31027503
31011750
31051140
31043260
31059021
31035381
31074786
31066903
31090555
31082670
31098441
31114216
31106328
31122105
31129995
31137886
31145778
31153671
31161565
31169460
31185253
31177356
31193151
31201050
31216851
31208950
31248465
31232656
31240560
31224753
31280095
31272186
31264278
31256371
31303828
31288005
31295916
31311741
31327570
31319655
31335486
31343403
31351321
31367160
31359240
31375081
31383003
31390926
31398850
31406775
31422628
31430556
31414701
31438485
31462278
31454346
31446415
31470211
31478145
31494016
31486080
31501953
31509891
31517830
31525770
31533711
31549596
31541653
31557540
31565485
31589326
31581378
31573431
31597275
31621128
31613176
31605225
31629081
31637035
31644990
31652946
31660903
31684780
31668861
31676820
31692741
31716630
31700703
31708666
31724595
31748496
31732561
31740528
31756465
31764435
31780378
31772406
31788351
31804300
31796325
