31812276
31820253
31836210
31828231
31844190
31852171
31876120
31860153
31868136
31884105
31900078
31908066
31892091
31916055
31932036
31924045
31940028
31948021
31956015
31964010
31980003
31972006
31988001
31996000
32004000
32012001
32020003
32028006
32044015
32036010
32052021
32060028
32076045
32068036
32084055
32092066
32100078
32108091
32116105
32124120
32132136
32140153
32148171
32156190
32164210
32172231
32180253
32188276
32204325
32196300
32212351
32220378
32236435
32228406
32244465
32268561
32252496
32260528
32276595
32284630
32292666
32300703
32308741
32324820
32316780
32332861
32340903
32356990
32348946
32365035
32373081
32381128
32389176
32397225
32429431
32405275
32421378
32413326
32437485
32453596
32461653
32445540
32493891
32477770
32469711
32485830
32501953
32510016
32518080
32526145
32534211
32550346
32558415
32542278
32574556
32590701
32566485
32582628
32614926
32623003
32606850
32598775
32639160
32631081
32647240
32655321
32679570
32663403
32671486
32687655
32695741
32711916
32703828
32720005
32728095
32744278
32736186
32752371
32768560
32776656
32760465
32784753
32809050
32800950
32792851
32817151
32833356
32825253
32841460
32849565
32857671
32865778
32873886
32881995
32898216
32890105
3290632