876
34035375
34043626
34060131
34051878
34076640
34068385
34084896
34101411
34093153
34109670
34126191
34134453
34142716
34117930
34159245
34167511
34175778
34150980
34184046
34192315
34200585
34208856
34217128
34225401
34233675
34250226
34241950
34258503
34283340
34275060
34266781
34291621
34316470
34308186
34299903
34324755
34341328
34333041
34349616
34357905
34366195
34374486
34382778
34391071
34407660
34399365
34415956
34424253
34440850
34432551
34457451
34449150
34465753
34482360
34474056
34490665
34507278
34498971
34515586
34523895
34532205
34540516
34548828
34557141
34565455
34582086
34573770
34590403
34598721
34615360
34607040
34623681
34632003
34648650
34640326
34665301
34656975
34673628
34681956
34698615
34706946
34690285
34715278
34740280
34731945
34748616
34723611
34773630
34781970
34765291
34756953
34806996
34798653
34790311
34815340
34848726
34840378
34823685
34832031
34857075
34865425
34873776
34882128
34890481
34898835
34907190
34915546
34923903
34940620
34932261
34948980
34957341
34974066
34982430
34965703
34990795
35007528
35015896
34999161
35032635
35049378
35024265
35041006
35066125
35057751
35074500
35082876
35091253
35108010
35116390
35099631
35133153
35124771
35141536
35149920
35175078
351