58305
35166691
35183466
35200245
35191855
35208636
35217028
35233815
35225421
35242210
35250606
35259003
35267401
35275800
35284200
35301003
35292601
35309406
35317810
35326215
35343028
35334621
35351436
35376666
35359845
35368255
35385078
35393491
35410320
35401905
35427153
35418736
35435571
35443990
35452410
35469253
35460831
35477676
35486100
35494525
35502951
35511378
35519806
35528235
35536665
35545096
35553528
35561961
35570395
35578830
35587266
35595703
35604141
35612580
35621020
35629461
35637903
35646346
35654790
35663235
35671681
35680128
35688576
35697025
35705475
35713926
35722378
35730831
35739285
35747740
35756196
35764653
35773111
35781570
35790030
35798491
35806953
35815416
35823880
35832345
35849278
35840811
35857746
35866215
35883156
35874685
35891628
35900101
35917050
35908575
35925526
35934003
35950960
35942481
35959440
35967921
35976403
35984886
35993370
36001855
36018828
36010341
36027316
36035805
36052786
36044295
36061278
36069771
36078265
36086760
36095256
36103753
36112251
36120750
36129250
36137751
36146253
36154756
36163260
36171765
36180271
36188778
36197286
36214305
36205795
36231328
36222816
36239841
36248355
36256870
36265386
36273903
36299460
36282421
36290940
36325026
36307981
3