6333550
36316503
36342075
36350601
36367656
36359128
36376185
36384715
36393246
36401778
36418845
36410311
36427380
36435916
36444453
36452991
36461530
36470070
36478611
36487153
36504240
36495696
36512785
36521331
36529878
36538426
36564076
36546975
36555525
36572628
36581181
36589735
36598290
36606846
36632520
36623961
36615403
36641080
36666766
36649641
36658203
36675330
36683895
36701028
36692461
36709596
36726735
36718165
36735306
36743878
36761025
36752451
36769600
36778176
36786753
36795331
36803910
36812490
36838236
36821071
36829653
36855405
36872578
36846820
36863991
36881166
36889755
36898345
36906936
36924121
36915528
36932715
36941310
36958503
36967101
36949906
36975700
37001503
36984300
36992901
37010106
37027315
37018710
37035921
37044528
37061745
37053136
37087578
37078966
37070355
37096191
37113420
37130653
37104805
37122036
37139271
37147890
37156510
37165131
37199625
37173753
37182376
37191000
37208251
37225506
37216878
37234135
37242765
37268661
37260028
37251396
37277295
37285930
37294566
37303203
37329120
37311841
37320480
37337761
37355046
37346403
37363690
37380981
37389628
37398276
37372335
37406925
37424226
37415575
37441531
37450185
37432878
37458840
37467496
37484811
37493470
37476153