37502130
37519453
37510791
37528116
37545445
37554111
37536780
37562778
37571446
37580115
37597456
37588785
37606128
37614801
37623475
37632150
37649503
37640826
37658181
37666860
37675540
37684221
37692903
37701586
37710270
37718955
37736328
37727641
37745016
37753705
37762395
37779778
37771086
37788471
37814556
37797165
37823253
37805860
37858051
37849350
37831951
37840650
37875456
37866753
37892865
37884160
37901571
37927695
37910278
37918986
37936405
37953828
37945116
37962541
37979970
37971255
37988686
37997403
38023560
38006121
38014840
38032281
38058450
38041003
38049726
38067175
38093356
38075901
38084628
38102085
38119546
38110815
38128278
38137011
38145745
38154480
38163216
38171953
38189430
38180691
38198170
38206911
38224396
38233140
38215653
38241885
38250631
38259378
38268126
38276875
38294376
38285625
38303128
38311881
38320635
38329390
38338146
38346903
38355661
38364420
38373180
38390703
38381941
38399466
38408230
38425761
38434528
38416995
38443296
38452065
38469606
38460835
38478378
38504700
38487151
38495925
38513476
38522253
38531031
38539810
38548590
38557371
38566153
38574936
38583720
38592505
38610078
38601291
38618866
38645236
38627655
38636445
38654028
38662821
38671615
38680410
386980
