136985
41155128
41146056
41164201
41173275
41182350
41191426
41200503
41209581
41218660
41227740
41236821
41245903
41254986
41264070
41273155
41282241
41291328
41300416
41309505
41318595
41336778
41327686
41345871
41354965
41364060
41373156
41382253
41391351
41400450
41409550
41427753
41445960
41436856
41418651
41455065
41464171
41473278
41500605
41482386
41509716
41491495
41518828
41537055
41527941
41546170
41555286
41564403
41573521
41582640
41600881
41591760
41610003
41619126
41646501
41628250
41637375
41655628
41673885
41664756
41683015
41692146
41719545
41701278
41710411
41728680
41737816
41746953
41756091
41792653
41765230
41774370
41783511
41829231
41810940
41801796
41820085
41865825
41847526
41856675
41838378
41893281
41874976
41884128
41902435
41929903
41920746
41911590
41939061
41966541
41948220
41957380
41975703
42003195
41994030
41984866
42012361
42030696
42021528
42039865
42049035
42067378
42058206
42076551
42104076
42085725
42094900
42113253
42131610
42122431
42149971
42140790
42177520
42186705
42168336
42159153
42214266
42223455
42195891
42205078
42260221
42241836
42232645
42251028
42287806
42278610
42297003
42269415
42315400
42324600
42306201
42333801
42361410
42370615
42343003
42352206
42379821
