6
43659840
43669185
43678531
43697226
43687878
43706575
43715925
43734628
43725276
43743981
43753335
43762690
43772046
43781403
43790761
43809480
43800120
43828203
43818841
43846930
43837566
43865661
43856295
43875028
43884396
43893765
43903135
43912506
43921878
43940625
43931251
43950000
43959376
43978131
43968753
43987510
43996890
44015653
44006271
44034420
44025036
44053191
44043805
44062578
44071966
44090745
44081355
44100136
44109528
44118921
44128315
44137710
44147106
44165901
44156503
44175300
44184700
44194101
44203503
44222310
44212906
44231715
44241121
44259936
44250528
44278755
44269345
44297578
44288166
44306991
44316405
44335236
44325820
44354071
44344653
44363490
44372910
44391753
44382331
44410600
44429451
44401176
44420025
44448306
44457735
44467165
44438878
44495461
44504895
44486028
44476596
44514330
44533203
44523766
44542641
44580403
44552080
44570961
44561520
44608735
44589846
44599290
44618181
44646525
44627628
44637076
44655975
44674878
44684331
44665426
44693785
44722153
44712696
44703240
44731611
44759991
44750530
44741070
44788380
44778916
44797845
44769453
44807311
44826246
44816778
44835715
44873601
44845185
44854656
44864128
44892550
44883075
44902026
44911503
44939940
44930460
44920