981
44949421
44977870
44958903
44968386
44987355
45015816
45006328
44996841
45025305
45053778
45034795
45044286
45063271
45091756
45082260
45072765
45101253
45129750
45120250
45110751
45148753
45139251
45167760
45158256
45196278
45205786
45177265
45186771
45243828
45215295
45234316
45224805
45253341
45262855
45281886
45272370
45291403
45300921
45310440
45319960
45329481
45348526
45339003
45358050
45386628
45377101
45367575
45396156
45424746
45405685
45415215
45453345
45443811
45462880
45434278
45481953
45472416
45491491
45501030
45529653
45520111
45510570
45539196
45567831
45548740
45558285
45606025
45596475
45586926
45577378
45625128
45644235
45615576
45634681
45663346
45653790
45682461
45672903
45692020
45720703
45711141
45701580
45749395
45739830
45730266
45758961
45797235
45768528
45787665
45778096
45825951
45835525
45806806
45816378
45854676
45845100
45864253
45873831
45892990
45902571
45883410
45912153
45940905
45921736
45931320
45950491
45979255
45960078
45969666
45988845
46017621
45998436
46008028
46027215
46056003
46036810
46046406
46065601
46094401
46075200
46084800
46104003
46132815
46113606
46123210
46142421
46152028
46161636
46171245
46180855
46190466
46200078
46209691
46228920
46219305
46248153
462