38536
46267390
46257771
46277010
46286631
46296253
46305876
46315500
46325125
46334751
46344378
46354006
46363635
46382896
46373265
46392528
46402161
46411795
46421430
46440703
46431066
46450341
46459980
46479261
46498546
46488903
46469620
46517835
46508190
46527481
46546776
46537128
46556425
46575726
46566075
46585378
46595031
46604685
46614340
46633653
46643311
46623996
46652970
46662630
46672291
46681953
46691616
46720611
46701280
46710945
46730278
46739946
46749615
46759285
46778628
46788301
46768956
46797975
46807650
46817326
46827003
46836681
46846360
46856040
46865721
46875403
46894770
46885086
46904455
46914141
46923828
46933516
46943205
46952895
46972278
46962586
46981971
46991665
47011056
47001360
47020753
47030451
47040150
47049850
47059551
47069253
47078956
47088660
47098365
47108071
47117778
47127486
47137195
47146905
47156616
47166328
47176041
47185755
47195470
47205186
47214903
47224621
47234340
47244060
47253781
47263503
47282950
47273226
47302401
47292675
47312128
47321856
47341315
47331585
47351046
47360778
47370511
47380245
47389980
47399716
47409453
47438670
47419191
47428930
47448411
47467896
47477640
47458153
47487385
47506878
47497131
47516626
47545876
47536125
47526375
47555628
47565381
4