7575135
47584890
47604403
47594646
47614161
47623920
47643441
47653203
47633680
47662966
47682495
47672730
47692261
47702028
47711796
47721565
47731335
47741106
47760651
47750878
47770425
47780200
47789976
47799753
47829090
47838871
47819310
47809531
47848653
47878005
47858436
47868220
47917155
47887791
47897578
47907366
47926945
47946528
47956321
47936736
47966115
47995503
47975910
47985706
48024900
48015100
48034701
48005301
48064110
48054306
48073915
48044503
48103336
48113145
48093528
48083721
48122955
48152391
48142578
48132766
48191653
48172020
48162205
48181836
48211290
48221110
48201471
48230931
48250576
48240753
48270225
48260400
48289878
48280051
48309535
48299706
48319365
48329196
48339028
48348861
48358695
48378366
48368530
48388203
48398041
48417720
48407880
48427561
48457090
48447246
48437403
48466935
48496476
48486628
48476781
48506325
48535878
48526026
48516175
48545731
48585153
48565440
48555585
48575296
48614730
48624591
48604870
48595011
48664045
48644316
48654180
48634453
48693646
48703515
48673911
48683778
48733128
48743001
48723256
48713385
48782503
48752875
48772626
48762750
48792381
48802260
48812140
48822021
48841786
48831903
48851670
48861555
48881328
48891216
48871441
48901105
48930778